1	57404
2	7139
3	2988
4	1914
5	1190
6	824
7	628
8	436
9	327
10	284
11	215
12	184
13	151
14	136
15	118
16	109
17	80
18	75
19	66
20	65
21	62
22	64
23	56
24	54
25	45
26	42
27	60
28	44
29	36
30	38
31	33
32	30
33	25
34	24
35	33
36	26
37	14
38	17
39	20
40	23
41	15
42	17
43	21
44	21
45	18
46	11
47	16
48	16
49	18
50	12
51	13
52	15
53	16
54	10
55	11
56	6
57	8
58	14
59	7
60	14
61	13
62	10
63	16
64	12
65	10
66	10
67	6
68	5
69	8
70	7
71	7
72	12
73	6
74	10
75	3
76	2
77	10
78	7
79	7
80	7
81	8
82	5
83	6
84	8
85	8
86	8
87	6
88	9
89	6
90	5
91	2
92	5
93	3
94	5
95	3
96	3
97	4
98	4
99	2
101	5
102	3
103	3
104	3
105	3
106	5
107	2
108	7
109	5
110	2
111	3
112	6
113	5
114	2
115	4
116	3
117	1
118	2
119	4
120	2
121	6
122	3
123	2
124	3
125	1
126	5
127	1
128	4
129	2
130	5
131	2
132	4
133	3
134	2
135	3
136	1
137	2
138	2
139	3
140	2
141	1
142	1
143	1
144	3
145	2
146	2
148	3
149	1
150	1
151	1
152	1
153	4
155	2
156	1
157	1
160	6
161	2
163	4
164	3
165	3
168	2
169	1
171	3
173	1
175	2
177	1
178	1
181	1
182	2
183	1
184	1
185	1
187	2
189	1
193	1
194	2
196	1
199	1
200	3
201	1
203	1
204	2
206	1
211	2
212	1
213	1
214	3
217	1
219	1
220	3
221	1
224	1
227	2
228	1
232	1
237	2
239	1
243	1
244	1
245	1
247	1
250	1
255	1
257	1
261	1
262	1
265	1
267	2
269	1
270	1
277	1
280	1
283	1
291	1
294	2
302	2
304	1
308	2
314	1
316	1
320	1
328	1
330	1
339	1
403	1
432	1
434	1
438	1
458	1
468	1
696	1
1000	1
