1	11.6679616175	0.611428825559
2	11.6838492911	0.611428825559
3	11.6997110844	0.351249872567
4	11.6041497636	0.351249872567
5	11.620142139	0.0
6	11.63610816	0.0
7	17.3780608618	0.351249872567
8	11.7313574949	0.0
9	16.4150103204	0.0
10	10.8896846531	0.0
11	10.9069379915	0.0
12	10.8723986406	1.01167961873
13	10.8203428323	0.611428825559
14	10.8377279042	0.0
15	10.785472399	0.0
16	10.8029243898	0.0
17	10.7679866804	0.0
18	15.0191750448	0.0
19	8.98446111207	1.46721500705
20	8.96274938734	1.59670285984
21	8.89724139515	0.825876218113
22	8.87527947214	1.59670285984
23	8.94097585365	0.611428825559
24	8.91914002154	1.32820606074
25	8.80900879987	1.32820606074
26	8.78678853266	0.825876218113
27	8.85325374354	1.59670285984
28	8.83116369364	0.825876218113
29	10.3926600284	0.351249872567
30	10.4108984606	0.351249872567
31	10.4290989999	1.46721500705
32	10.4472618632	0.611428825559
33	10.4653872658	0.351249872567
34	10.4834754206	0.611428825559
35	10.5015265388	0.0
36	10.5195408294	1.32820606074
37	10.5375184998	1.32820606074
38	10.555459755	0.351249872567
39	14.1952935366	0.0
40	14.2203587412	0.0
41	14.1450008863	0.0
42	14.1701743593	0.611428825559
43	19.2331217651	0.0
44	13.1995818043	0.0
45	13.1858691805	0.0
46	13.0893933461	0.0
47	13.0755407077	0.0
48	13.1446273402	0.351249872567
49	13.1308452011	0.0
50	6.67084284555	2.04634756183
51	6.70132725788	1.71828182846
52	6.48452252338	2.24167852542
53	6.51599442123	2.50879440846
54	6.42105606434	1.94226956977
55	6.45287729379	2.04634756183
56	6.60939583421	3.04685488843
57	6.64019980625	1.94226956977
58	6.54729558983	2.42276574416
59	6.57842856824	2.33382396387
60	3.96324614471	5.88550808723
61	3.9089722738	6.2919553545
62	3.62501177563	7.1126265814
63	3.5654356397	7.33592035986
64	3.50482920634	7.14097549902
65	3.44314160014	7.05553820512
66	3.85390529605	6.38905609893
67	3.79801228121	6.35687459105
68	3.74125799729	6.64019980625
69	3.68360468059	6.38905609893
70	13.0477820238	0.0
71	13.0616702881	0.351249872567
72	15.6472443263	0.0
73	12.9920492413	0.0
74	12.9640741087	0.0
75	11.5720854661	0.0
76	11.5560132996	0.0
77	11.5076352444	0.0
78	11.4752473215	1.01167961873
79	11.4590122122	0.0
80	17.7358648748	0.0
81	1.32820606074	25.7358970727
82	6.38905609893	2.42276574416
83	6.35687459105	2.67307797431
84	6.12626908399	3.11637675472
85	6.09252485656	2.14598814288
86	6.19314042826	2.67307797431
87	6.1598064505	3.04685488843
88	6.25921163732	3.11637675472
89	6.22627439495	2.50879440846
90	6.32450866126	2.67307797431
91	6.2919553545	3.38031769437
92	23.8134923831	0.0
93	11.7155471139	0.611428825559
94	14.6143135215	0.0
95	14.5048301638	0.0
96	9.78760619848	0.611428825559
97	9.8071855512	0.611428825559
98	9.70882172719	1.01167961873
99	9.72858852194	0.825876218113
100	9.74830799111	0.0
101	9.76798044699	1.32820606074
102	9.62927492626	0.351249872567
103	9.64923421517	0.825876218113
104	9.66914489472	0.351249872567
105	9.68900729117	1.59670285984
106	0.351249872567	93.9487034779
107	7.73481998366	2.14598814288
108	7.76057651848	1.71828182846
109	7.68300791158	1.59670285984
110	7.70896413705	1.17744299519
111	7.6307899605	1.83315996791
112	7.6569502212	1.71828182846
113	7.57815720668	0.825876218113
114	7.60452600422	1.17744299519
115	15.2856632251	0.0
116	7.78623479017	2.14598814288
117	7.81179582934	2.04634756183
118	16.0313557619	0.0
119	16.0205375092	0.0
120	7.39053930879	2.24167852542
121	7.36328791434	1.71828182846
122	7.33592035986	2.50879440846
123	7.30843526455	2.24167852542
124	7.49840999342	1.94226956977
125	7.47160994842	1.71828182846
126	7.44469900961	1.94226956977
127	7.41767589764	2.24167852542
128	7.55168240134	1.94226956977
129	7.52510040024	1.46721500705
130	13.7476167303	0.0
131	3.04685488843	8.25634517966
132	3.11637675472	8.23237631675
133	3.18440183976	7.98808357159
134	3.25101607717	7.98808357159
135	2.75173835811	9.4678103046
136	2.8283070456	9.74830799111
137	2.90293110415	8.65206351655
138	2.97574138121	9.32381901458
139	3.31629760063	7.6307899605
140	3.38031769437	7.73481998366
141	12.6080314073	0.0
142	12.5935363207	0.0
143	12.5790210727	0.351249872567
144	12.5499297812	0.351249872567
145	12.5061396726	0.0
146	12.6225064098	0.0
147	13.2950911208	0.0
148	17.5145059558	0.0
149	12.0576466142	0.351249872567
150	12.1186025873	0.0
151	12.1640785729	0.351249872567
152	12.1489426718	0.0
153	12.4032366901	0.0
154	12.3884520806	0.0
155	6.02440143526	2.90293110415
156	6.05857019782	2.75173835811
157	12.4621638401	0.611428825559
158	12.4327423554	0.611428825559
159	12.418000087	0.0
160	5.8146730734	3.44314160014
161	5.85020984466	3.50482920634
162	5.74286574231	3.62501177563
163	5.77889325826	2.75173835811
164	5.95540637335	2.97574138121
165	5.99001479019	3.18440183976
166	5.88550808723	3.18440183976
167	5.92057218042	3.44314160014
168	1.46721500705	22.6099306183
169	14.8778171079	0.0
170	20.2048495921	0.0
171	9.92370400176	0.611428825559
172	9.90439680346	0.825876218113
173	9.9621856343	0.351249872567
174	9.94296685177	0.611428825559
175	9.84620626643	0.0
176	9.82671880747	0.351249872567
177	9.88504497313	1.01167961873
178	9.86564822404	0.351249872567
179	10.0004921056	0.825876218113
180	9.98136062723	0.0
181	14.1197727917	0.0
182	14.1071381585	0.0
183	19.1551639725	0.0
184	15.1125180942	0.0
185	14.031039531	0.351249872567
186	14.0564614162	0.351249872567
187	14.0944897461	0.351249872567
188	13.3222272769	0.0
189	15.3542539946	0.0
190	15.4111280398	0.0
191	13.2132772006	0.351249872567
192	13.2269554289	0.0
193	15.4224720762	0.0
194	13.2678876993	0.0
195	20.9749927014	0.0
196	8.53789208031	0.825876218113
197	8.51484329145	1.17744299519
198	8.49172154426	0.351249872567
199	8.46852619598	1.46721500705
200	8.44525659448	1.71828182846
201	8.42191207815	1.32820606074
202	8.39849197564	1.17744299519
203	8.37499560568	1.01167961873
204	8.35142227689	1.32820606074
205	8.32777128756	1.32820606074
206	18.8924219921	0.0
207	8.60660698858	1.32820606074
208	8.62937019163	1.17744299519
209	8.56086854448	1.17744299519
210	0.611428825559	56.6783020346
211	8.69724288588	0.351249872567
212	8.71973008704	1.17744299519
213	8.65206351655	1.01167961873
214	8.67468755384	1.71828182846
215	8.74214972389	0.825876218113
216	8.76450235532	1.59670285984
217	1.94226956977	15.9118585333
218	1.83315996791	16.5404752372
219	2.14598814288	13.4702939942
220	2.04634756183	14.4681111339
221	2.33382396387	12.3884520806
222	2.24167852542	13.0199517063
223	2.50879440846	11.7155471139
224	2.42276574416	11.5881309132
225	2.67307797431	9.70882172719
226	2.59215966979	10.6446268614
227	5.04565933622	4.51554338328
228	11.2951210653	0.0
229	11.3116382008	0.351249872567
230	11.2619997923	0.0
231	11.2785749761	0.0
232	11.3610172777	0.0
233	11.3281265224	0.0
234	11.3445861688	0.825876218113
235	11.3937944275	0.0
236	11.4101407384	0.351249872567
237	9.02770106126	1.01167961873
238	9.00611151103	0.351249872567
239	9.0706994935	1.32820606074
240	9.04923023373	0.611428825559
241	9.11346010594	0.611428825559
242	9.09210929975	0.611428825559
243	9.15598650391	0.825876218113
244	9.1347523599	1.46721500705
245	9.19828220399	1.17744299519
246	9.17716297478	1.01167961873
247	5.63324815941	2.90293110415
248	5.59618020832	3.79801228121
249	5.55883891274	4.32332366818
250	5.52121862006	3.9089722738
251	5.48331348357	4.06953597831
252	5.44511745301	3.68360468059
253	5.40662426465	4.12160801708
254	5.36782743067	4.17299940751
255	5.70658572056	3.68360468059
256	5.67004823336	3.25101607717
257	24.1808583343	0.0
258	20.2778389009	0.0
259	15.8462121603	0.0
260	15.835238664	0.0
261	15.8242558429	0.0
262	15.8132636748	0.0
263	15.8022621378	0.0
264	16.1390497382	0.0
265	23.633812293	0.0
266	16.1925676274	0.0
267	14.4066591699	0.0
268	14.4189750908	0.0
269	14.3943304115	0.351249872567
270	14.4681111339	0.0
271	1.59670285984	19.7515047237
272	5.28929568539	3.11637675472
273	19.0680809678	0.0
274	17.8973136388	0.0
275	7.02679540375	2.33382396387
276	7.05553820512	2.33382396387
277	7.08414803474	2.33382396387
278	7.1126265814	2.04634756183
279	7.14097549902	2.50879440846
280	7.16919640765	2.50879440846
281	7.19729089444	2.04634756183
282	7.22526051452	2.04634756183
283	7.25310679194	1.17744299519
284	7.28083122049	2.33382396387
285	16.8897651436	0.0
286	10.1894721314	0.611428825559
287	12.7089389301	0.0
288	12.7232754692	0.0
289	12.7375925257	0.351249872567
290	12.7518901728	0.0
291	12.6513964698	0.351249872567
292	12.6658116794	0.351249872567
293	12.6802071094	0.0
294	12.6945828348	0.0
295	13.8514951788	0.0
296	11.2287615717	0.351249872567
297	11.1283336295	1.01167961873
298	11.2120982473	0.825876218113
299	11.1954052533	1.01167961873
300	11.1619296685	0.351249872567
301	0.825876218113	41.8659936273
302	12.0270291733	0.0
303	12.0423495967	0.611428825559
304	11.9963177099	0.825876218113
305	12.0116852443	0.0
306	11.9655114206	0.0
307	11.9809264691	0.0
308	11.9346094905	0.0
309	11.9036110933	0.351249872567
310	11.9191224024	0.0
311	12.2093508388	0.611428825559
312	12.2394204113	0.0
313	12.2843586882	0.825876218113
314	12.299294185	0.0
315	12.3142078653	0.0
316	12.3439701283	0.0
317	17.1011366087	0.0
318	14.8540976474	0.0
319	14.8184315377	0.351249872567
320	4.96154594991	4.78850963791
321	5.00379452098	4.12160801708
322	10.1707612726	0.0
323	5.08714989101	4.01675774103
324	5.12827530171	4.06953597831
325	5.16904432636	3.62501177563
326	5.20946538397	4.12160801708
327	5.24954657244	3.74125799729
328	10.0576281618	0.611428825559
329	5.32872022781	3.74125799729
330	10.0195803417	0.351249872567
331	10.1332165677	0.825876218113
332	10.1520095009	1.01167961873
333	10.0955062104	0.611428825559
334	10.1143822221	1.17744299519
335	20.5267858269	0.0
336	8.06227310027	1.59670285984
337	16.5612726493	0.0
338	13.9800270277	0.0
339	13.9287872341	0.0
340	13.9416186445	0.0
341	13.9159414418	0.0
342	15.4451295806	0.0
343	13.4702939942	0.0
344	15.512859357	0.0
345	13.4032367105	0.0
346	13.4301083377	0.0
347	13.3628063896	0.0
348	13.3762996211	0.351249872567
349	8.28023346747	1.71828182846
350	8.30404192542	0.825876218113
351	8.18419382703	1.59670285984
352	8.20832612202	1.71828182846
353	8.23237631675	1.94226956977
354	8.25634517966	1.17744299519
355	8.08682785131	1.01167961873
356	8.11129647504	1.46721500705
357	8.13567980243	1.59670285984
358	8.15997865138	0.825876218113
359	18.7593399244	0.0
360	25.1938679384	0.0
361	18.2702775053	0.0
362	17.9161897327	0.0
363	1.71828182846	18.4805379309
364	11.8569307851	0.825876218113
365	11.8413215332	0.351249872567
366	11.8256875271	0.611428825559
367	11.8100286579	0.351249872567
368	11.7943448157	0.0
369	17.2600487563	0.0
370	11.8880754581	0.0
371	11.8725153909	0.0
372	9.34454920215	1.71828182846
373	9.36522541754	0.611428825559
374	9.30303446311	0.351249872567
375	9.32381901458	0.825876218113
376	9.26130067796	1.01167961873
377	9.28219515129	0.825876218113
378	9.21934461775	1.01167961873
379	9.24035063709	1.46721500705
380	9.38584804789	0.611428825559
381	9.4064174758	0.825876218113
382	31.5763738457	0.0
383	10.732913334	0.0
384	10.7153253394	0.351249872567
385	1.01167961873	33.9530006678
386	10.5733647987	0.825876218113
387	10.6268646667	0.0
388	10.6090670557	0.351249872567
389	10.6623538343	0.611428825559
390	10.6446268614	0.611428825559
391	10.6977028832	0.0
392	10.6800457779	1.17744299519
393	15.922767363	0.0
394	10.263911324	0.0
395	10.2453616796	1.17744299519
396	10.2267720925	0.351249872567
397	10.2081423235	1.17744299519
398	10.3377151718	0.351249872567
399	10.3193229551	0.351249872567
400	10.3008917285	0.351249872567
401	10.2824212622	0.611428825559
402	10.374383484	0.0
403	10.3560686063	0.351249872567
404	4.91890372632	3.38031769437
405	4.8758575283	4.17299940751
406	4.74418493255	4.46831215228
407	4.69941016405	5.00379452098
408	4.83239658282	4.27383515712
409	4.78850963791	5.36782743067
410	4.56225356525	4.91890372632
411	4.51554338328	5.00379452098
412	4.65417245275	4.69941016405
413	4.60845830375	5.16904432636
414	14.3076665106	0.0
415	14.2827877127	0.0
416	21.6891760574	0.0
417	6.88102513929	1.94226956977
418	6.85144695553	2.14598814288
419	6.93975173634	2.75173835811
420	6.91045942588	2.04634756183
421	6.76182915811	2.14598814288
422	6.73165529533	2.8283070456
423	6.82172291058	2.50879440846
424	10.0765882765	0.825876218113
425	6.99791790593	2.42276574416
426	6.96890395004	2.8283070456
427	12.9219740053	0.0
428	12.9079037297	0.351249872567
429	18.3712077557	0.0
430	12.8088881125	0.351249872567
431	12.8372724934	0.0
432	12.823089793	0.0
433	12.8514362837	0.0
434	11.0607753397	0.351249872567
435	11.0777110729	1.01167961873
436	10.9413473258	0.825876218113
437	10.9756279892	0.825876218113
438	10.9927204836	0.0
439	11.0097813046	1.01167961873
440	11.0268106141	0.611428825559
441	11.0438085728	0.351249872567
442	8.58377330861	1.32820606074
443	17.640042541	0.0
444	14.7228059465	0.0
445	16.7879594942	0.0
446	14.7107993992	0.0
447	9.60926669813	0.825876218113
448	9.5892091972	0.611428825559
449	9.56910208618	0.825876218113
450	9.54894502396	1.01167961873
451	9.52873766558	1.17744299519
452	9.50847966214	1.01167961873
453	9.48817066079	1.32820606074
454	9.4678103046	1.32820606074
455	9.44739823255	0.611428825559
456	9.42693407944	0.611428825559
457	16.467430045	0.0
458	12.3588188851	0.351249872567
459	16.4569624999	0.0
460	7.86263024502	2.24167852542
461	7.83726064901	0.825876218113
462	7.91308766592	2.59215966979
463	7.88790559643	1.32820606074
464	7.96317573011	1.46721500705
465	7.93817740014	1.46721500705
466	8.01290182535	2.04634756183
467	7.98808357159	1.71828182846
468	20.7877374188	0.0
469	8.03763137761	0.611428825559
470	6.79185099612	2.67307797431
471	12.4915018053	0.0
472	12.4768432216	0.351249872567
473	4.42054346125	5.32872022781
474	4.46831215228	4.78850963791
475	4.32332366818	5.04565933622
476	4.37222003472	4.65417245275
477	4.22373421905	5.08714989101
478	4.27383515712	5.48331348357
479	4.12160801708	5.52121862006
480	4.17299940751	5.70658572056
481	4.01675774103	5.77889325826
482	4.06953597831	5.44511745301
483	21.9989991404	0.0
484	1.17744299519	29.0474280894
485	13.7214977747	0.0
486	13.6690779674	0.0
487	13.6296024089	0.0
488	13.5236498033	0.351249872567
489	13.4836569538	0.0
490	13.4970038731	0.0
491	13.5502322068	0.0
