1	1311.90825825	13.4301083377
2	294.89362064	18.4259730309
3	291.949429923	17.2501695115
4	274.889383235	17.9914499466
5	289.034534392	0.0
6	286.148642556	17.5532504739
7	280.462718475	18.416859455
8	0.0	65.1315935456
9	2037.56212982	6.35687459105
10	2078.74381657	5.8146730734
11	2120.75742858	5.55883891274
12	2185.37456223	4.78850963791
13	2163.61977185	5.52121862006
14	5883.04659134	2.14598814288
15	5942.18224271	1.83315996791
16	5540.38639368	2.14598814288
17	5652.32982444	2.04634756183
18	5766.5346625	1.46721500705
19	7706.89186111	0.825876218113
20	7630.19705565	0.0
21	7862.60160548	0.0
22	14616.8695343	0.0
23	7554.26537625	0.0
24	7479.08922969	0.0
25	8.58308916676	0.0
26	8.39333128744	0.0
27	887.913561831	11.63610816
28	879.068724108	7.60452600422
29	853.058762526	14.0818275129
30	844.560735851	11.2453953719
31	870.311893991	12.0423495967
32	861.642195789	10.4472618632
33	819.570639451	0.611428825559
34	836.147265954	11.2785749761
35	827.817511481	12.3884520806
36	144.474381654	4.32332366818
37	134.639414408	3.31629760063
38	137.37951234	4.91890372632
39	136.002613186	4.8758575283
40	140.174963921	5.04565933622
41	138.77024956	5.99001479019
42	143.026887371	12.1337840415
43	141.593795897	7.52510040024
44	1977.31351375	7.19729089444
45	9700.15277293	1.46721500705
46	1862.10550356	6.76182915811
47	1918.84551337	7.16919640765
48	116.919241961	6.02440143526
49	115.745925899	4.83239658282
50	114.584284527	6.51599442123
51	113.43420168	4.17299940751
52	112.295562349	4.12160801708
53	111.168252668	4.27383515712
54	110.052159906	0.0
55	119.301368663	6.48452252338
56	118.104350045	4.27383515712
57	18397.0507411	0.825876218113
58	18768.7160199	1.01167961873
59	176.682810993	19.163845343
60	13.5850932959	0.611428825559
61	13.7316759204	0.611428825559
62	13.2962890987	1.32820606074
63	13.4399691928	0.0
64	13.0132036077	1.17744299519
65	13.1540386454	0.351249872567
66	12.7357235851	1.01167961873
67	12.5990508518	0.611428825559
68	3.39294568092	0.825876218113
69	3.26311451517	1.94226956977
70	3.13712044025	1.01167961873
71	16.1157655371	1.59670285984
72	16.2877818406	1.46721500705
73	16.4615269366	1.46721500705
74	16.6370181998	0.611428825559
75	15.6099182188	1.32820606074
76	15.7768506721	0.611428825559
77	15.9454608245	1.71828182846
78	16.8142731796	0.0
79	4314.6360627	4.37222003472
80	297.867400967	16.7675071097
81	329.29955991	22.7577266452
82	364.037467865	5.55883891274
83	1.71828182846	31.1924402931
84	31.1367424448	0.825876218113
85	625.406799811	21.8373937377
86	657.523363215	21.4040325808
87	811.405825168	11.7629017697
88	6.09932706516	0.0
89	78.0436316996	1.32820606074
90	991.274715605	2.50879440846
91	896.84729165	12.3588188851
92	583.057828891	23.6538610313
93	258.822836323	18.4441834946
94	12580.7169065	1.01167961873
95	1129.03061019	11.5399142903
96	251.143911024	17.1609409692
97	266.735619714	17.5725832689
98	2920.93106408	1.32820606074
99	2806.3605083	1.94226956977
100	2834.57495047	2.24167852542
101	2863.07295251	3.25101607717
102	2891.85736422	3.68360468059
103	2723.39046634	0.0
104	2750.77104573	1.01167961873
105	2778.42680452	1.94226956977
106	6567.23217547	1.46721500705
107	6184.7281112	0.825876218113
108	6123.17908811	1.46721500705
109	6437.17246436	0.611428825559
110	6373.11157799	3.04685488843
111	6309.68810809	1.59670285984
112	6246.89571226	0.351249872567
113	9.48556972473	0.0
114	4.69734342267	3.18440183976
115	4.75460267601	2.50879440846
116	4.8124373944	2.75173835811
117	4.87085336138	1.94226956977
118	4.52896147762	3.38031769437
119	4.58452846428	4.01675774103
120	4.64065390843	2.14598814288
121	4.92985641859	2.50879440846
122	4.98945246638	2.97574138121
123	20.327557162	0.0
124	48532.0360153	0.825876218113
125	50.4186013005	0.0
126	50.9353668348	0.0
127	131925.46988	0.0
128	414.715029382	24.9016411699
129	300.871068283	2.14598814288
130	1586.63378304	10.9756279892
131	306.969268377	16.9302767975
132	313.190660286	22.2386703035
133	394.440368155	5.16904432636
134	371.411713876	9.90439680346
135	375.154513825	9.86564822404
136	8348.85957218	1.01167961873
137	367.706155409	8.87527947214
138	386.610124238	17.1210999644
139	390.50567075	21.5921543125
140	378.934929538	11.0946159289
141	1701.75022115	8.67468755384
142	81.2694635042	0.0
143	86.3567230134	0.351249872567
144	83.7749416738	1.59670285984
145	88.1214458787	1.71828182846
146	3.05519996684	1.32820606074
147	3.48168907034	2.33382396387
148	3.9530324244	3.9089722738
149	4.47394739173	2.67307797431
150	2.66929666762	0.611428825559
151	5.04964746441	1.94226956977
152	1789.05209184	8.44525659448
153	17853.3061677	0.351249872567
154	17499.7672184	0.0
155	151.933012696	15.2282154574
156	15.119020948	1.01167961873
157	342.779340665	14.6747078411
158	14.0292755149	1.32820606074
159	14.3328870199	0.611428825559
160	14.180322245	0.0
161	14.6426318842	0.0
162	14.4869850963	0.611428825559
163	14.9586340098	0.0
164	14.7998429483	1.32820606074
165	349.72414402	9.98136062723
166	332.619125675	14.7467832804
167	2.93535069547	0.351249872567
168	31887.4769698	0.351249872567
169	3070.74167327	4.12160801708
170	382.753339061	10.8029243898
171	360.405284372	4.32332366818
172	51020.3779823	0.351249872567
173	6.61408635878	0.0
174	42.3800648359	0.0
175	2207.34799189	4.60845830375
176	2439.60197762	5.16904432636
177	705.271694595	17.8594875857
178	684.398211492	18.5168042082
179	726.780869899	17.3878507049
180	5.55350486219	0.611428825559
181	5.11044743223	2.04634756183
182	5.23388665852	1.71828182846
183	5.17185844988	1.46721500705
184	5.3598195226	0.611428825559
185	5.29653826103	1.17744299519
186	5.48829639929	0.825876218113
187	5.42373677143	1.59670285984
188	229.442183461	19.1551639725
189	11730.1150875	1.01167961873
190	241.257206858	19.5495822214
191	15.4446467711	1.01167961873
192	13.8797317249	0.825876218113
193	12.463738035	0.351249872567
194	11.1824939607	0.351249872567
195	10.0231763806	0.0
196	2669.44392068	0.0
197	2642.8725597	0.0
198	2590.52037541	2.59215966979
199	2564.73431683	3.11637675472
200	2539.20483383	1.94226956977
201	2513.92937342	3.62501177563
202	2488.90540804	3.68360468059
203	2464.13043529	2.50879440846
204	4627.55498456	2.59215966979
205	4864.86607325	3.04685488843
206	213.862867704	19.7598627018
207	346.234380479	15.4903230212
208	10.2458593149	0.0
209	10.5883467192	0.351249872567
210	10.9412644178	0.611428825559
211	4.31216779718	0.825876218113
212	4.25931084445	3.04685488843
213	4.20697982718	2.59215966979
214	4.15516951223	4.22373421905
215	4.10387471854	2.50879440846
216	4.05309031656	1.32820606074
217	4.00281122783	1.59670285984
218	4.41948070513	4.46831215228
219	4.36555597112	5.32872022781
220	353.248980268	6.2919553545
221	43476.5503521	0.0
222	45.0625382342	0.0
223	44.6042083208	0.0
224	46.9423860808	0.351249872567
225	46.4653513689	1.01167961873
226	45.9930632316	0.611428825559
227	6633.24400628	1.71828182846
228	47.9108865237	0.0
229	47.4242150713	0.0
230	481.991956353	28.2008628335
231	905.870806948	7.73481998366
232	914.985010081	9.98136062723
233	924.190812479	7.98808357159
234	933.489134729	6.38905609893
235	942.880906672	7.47160994842
236	952.367067491	4.32332366818
237	961.948565812	1.17744299519
238	971.626359792	2.75173835811
239	981.401417218	1.59670285984
240	97.4944301619	1.83315996791
241	92.6908001195	0.0
242	94.5834798301	2.42276574416
243	91.7585610821	1.01167961873
244	89.0171313005	0.0
245	1011.31999453	5.48331348357
246	6767.26462527	1.01167961873
247	6835.28681562	0.611428825559
248	6699.91926702	0.611428825559
249	7043.48274457	0.351249872567
250	1001.24724229	4.12160801708
251	6903.99264036	0.825876218113
252	6973.38897011	0.611428825559
253	322.759190417	13.7084156328
254	326.013024376	19.4049752596
255	15993.496927	0.611428825559
256	15676.7846681	0.0
257	303.904922957	17.2600487563
258	15366.343732	0.0
259	310.064410981	17.7549528717
260	15062.0499384	0.351249872567
261	316.348328918	16.0637569402
262	319.537732647	19.4986961698
263	2343.90460528	4.22373421905
264	2367.47128836	3.25101607717
265	2297.47238312	3.85390529605
266	2320.57241461	4.51554338328
267	2251.95958057	4.60845830375
268	2274.60220079	3.31629760063
269	339.358679072	15.6026067246
270	335.97205363	18.3162400554
271	2.42122953629	0.351249872567
272	2.56085256236	0.0
273	356.809241709	5.28929568539
274	2391.27482054	1.32820606074
275	2415.3175822	4.60845830375
276	3567.85466082	5.16904432636
277	7.58485839718	0.0
278	39.0448469573	0.611428825559
279	38.6463940726	0.351249872567
280	37.0918367254	0.0
281	37.8613428713	0.611428825559
282	35.9660528148	0.351249872567
283	36.7128166172	0.0
284	39734.489126	0.351249872567
285	748.945097112	15.9554390233
286	779.550937127	15.2166940774
287	764.09499302	15.2166940774
288	64.365853214	0.611428825559
289	795.319112016	13.5502322068
290	803.322252144	12.3588188851
291	43.7011844933	0.0
292	48.4024491055	0.0
293	130.630663886	2.33382396387
294	131.953574051	1.94226956977
295	128.024202107	5.70658572056
296	129.320916896	3.25101607717
297	125.46935173	7.14097549902
298	126.740389846	8.20832612202
299	122.96509078	8.71973008704
300	124.210960655	7.81179582934
301	121.731617517	6.48452252338
302	1464.5706972	11.2453953719
303	10828.1840986	1.32820606074
304	102.544347583	2.97574138121
305	104.636082157	1.94226956977
306	105.697742432	0.0
307	100.49403213	2.67307797431
308	106.770072571	3.31629760063
309	107.853179807	3.74125799729
310	6001.91221726	0.611428825559
311	5063.44583482	1.01167961873
312	5217.68117245	1.94226956977
313	5376.61367541	2.14598814288
314	20536.3405814	0.611428825559
315	197.343425409	19.2676443904
316	11.3049300605	0.0
317	11.9358173155	0.0
318	11.6796709708	0.0
319	12.3297716032	0.611428825559
320	12.1971381597	0.351249872567
321	3.57222519514	2.50879440846
322	3.6181768223	0.0
323	3.75882124514	1.01167961873
324	3.80664819378	2.97574138121
325	3.66459027099	2.75173835811
326	3.71147018259	0.611428825559
327	3.85495581124	3.18440183976
328	26369.4672978	0.351249872567
329	3982.83419453	3.74125799729
330	33.4669191909	0.0
331	34.1631971451	0.0
332	34.8735408471	0.351249872567
333	35.2340759265	0.0
334	1021.49397962	7.22526051452
335	80.450868665	0.0
336	108.947172452	2.90293110415
337	1063.22275054	11.5720854661
338	1052.63355724	8.65206351655
339	1042.14972818	6.12626908399
340	1031.77021496	5.32872022781
341	1073.918367	2.75173835811
342	133.289779685	2.59215966979
343	120.510417519	7.96317573011
344	71.9664684996	0.611428825559
345	538.153329085	24.1808583343
