0	0	0.3924800710089115
0	1	-0.5762818942018169
0	3	-0.18558347462989933
0	4	0.04015610808200674
0	2	0.5024118597942093
1	2	0.12880788307290017
1	3	0.01170535674229014
1	0	0.4919186573192193
1	1	0.492748773627037
1	4	0.7060355476547049
2	4	0.040273099633797674
2	0	0.40165340493971746
2	2	-0.5162629333873751
2	3	0.5028676733591118
2	1	-0.33567319174850563
3	1	0.2895723192245216
3	2	0.5335922341712599
3	4	-0.38493285065171556
3	0	0.10635422771682058
3	3	0.6869808427510778
4	3	0.25533530061014814
4	4	0.020449005864322547
4	1	-0.17044089302727009
4	2	-0.2621368568192012
4	0	0.20394290252603692
5	0	0.5649872362035601
5	1	0.00700596829697218
5	3	-0.35834958804639916
5	4	-0.4025463722066634
5	2	0.05455188792874084
6	2	-0.3287113071665583
6	1	0.4466206703420793
6	0	0.26558513592726585
6	4	-0.433179324009206
6	3	-0.2167778594795681
