1418362239192	205	7	0	3.38724	1.0	0.9979591836734694	1.0	2	17.3780608618
1418362239192	205	382	0	3.03185	0.8950797699602037	0.9959183673469387	2.0	2	31.5763738457
1418362239192	205	198	0	2.5726	0.7594974079191319	0.9938775510204082	3.0	2	8.49172154426
1418362239192	205	106	0	2.48751	0.7343766606440641	0.9918367346938776	4.0	2	0.351249872567
1418362239192	205	211	0	2.30948	0.681817645044343	0.9897959183673469	5.0	2	8.69724288588
1418362239192	205	100	0	2.00308	0.5913605177076323	0.9877551020408163	6.0	2	9.74830799111
1418362239192	205	238	0	1.92943	0.5696171514271207	0.9857142857142858	7.0	2	9.00611151103
1418362239192	205	210	0	1.90939	0.5637008301744193	0.9836734693877551	8.0	2	0.611428825559
1418362239192	205	319	0	1.90387	0.5620711847994238	0.9816326530612245	9.0	2	14.8184315377
1418362239192	205	175	0	1.86515	0.5506400491255418	0.9795918367346939	10.0	2	9.84620626643
1418362239192	205	42	0	1.70058	0.5020547702554292	0.9775510204081632	11.0	2	14.1701743593
1418362239192	205	180	0	1.68851	0.49849139712568347	0.9755102040816327	12.0	2	9.98136062723
1418362239192	205	374	0	1.68306	0.4968824175434868	0.9734693877551021	13.0	2	9.30303446311
1418362239192	205	469	0	1.68211	0.4966019532126451	0.9714285714285714	14.0	2	8.03763137761
1418362239192	205	360	0	1.6732	0.49397149301496207	0.9693877551020408	15.0	2	25.1938679384
1418362239192	205	301	0	1.65419	0.48835925414201536	0.9673469387755103	16.0	2	0.825876218113
1418362239192	205	269	0	1.6279	0.4805977728179875	0.9653061224489796	17.0	2	14.3943304115
1418362239192	205	283	0	1.57488	0.4649449109009105	0.963265306122449	18.0	2	7.25310679194
1418362239192	205	462	0	1.5597	0.4604633861196727	0.9612244897959183	19.0	2	7.91308766592
1418362239192	205	385	0	1.51118	0.4461390394539507	0.9591836734693877	20.0	2	1.01167961873
1418362239192	205	322	0	1.48746	0.43913628795125237	0.9571428571428572	21.0	2	10.1707612726
1418362239192	205	257	0	1.47946	0.4367744830599544	0.9551020408163265	22.0	2	24.1808583343
1418362239192	205	187	0	1.46288	0.43187964242273946	0.9530612244897959	23.0	2	14.0944897461
1418362239192	205	102	0	1.4613	0.43141318595670813	0.9510204081632653	24.0	2	9.62927492626
1418362239192	205	404	0	1.45627	0.42992820113130453	0.9489795918367347	25.0	2	4.91890372632
1418362239192	205	186	0	1.44751	0.42734202477533334	0.9469387755102041	26.0	2	14.0564614162
1418362239192	205	185	0	1.43722	0.42430415323390136	0.9448979591836735	27.0	2	14.031039531
1418362239192	205	104	0	1.42511	0.42072897107969914	0.9428571428571428	28.0	2	9.66914489472
1418362239192	205	113	0	1.41936	0.4190314238140787	0.9408163265306122	29.0	2	7.57815720668
1418362239192	205	92	0	1.41912	0.4189605696673398	0.9387755102040817	30.0	2	23.8134923831
1418362239192	205	484	0	1.39521	0.41190172529847313	0.936734693877551	31.0	2	1.17744299519
1418362239192	205	394	0	1.38949	0.4102130348011951	0.9346938775510204	32.0	2	10.263911324
1418362239192	205	265	0	1.38929	0.41015398967891264	0.9326530612244898	33.0	2	23.633812293
1418362239192	205	51	0	1.35636	0.40043221029510756	0.9306122448979592	34.0	2	6.70132725788
1418362239192	205	31	0	1.35117	0.398899989371878	0.9285714285714286	35.0	2	10.4290989999
1418362239192	205	81	0	1.3371	0.39474616501930776	0.926530612244898	36.0	2	1.32820606074
1418362239192	205	461	0	1.30685	0.3858155902740875	0.9244897959183673	37.0	2	7.83726064901
1418362239192	205	303	0	1.30219	0.3844398389249064	0.9224489795918367	38.0	2	12.0423495967
1418362239192	205	176	0	1.29615	0.38265667623197647	0.9204081632653062	39.0	2	9.82671880747
1418362239192	205	168	0	1.27946	0.3777293607775062	0.9183673469387755	40.0	2	1.46721500705
1418362239192	205	114	0	1.27155	0.37539412619123536	0.9163265306122449	41.0	2	7.60452600422
1418362239192	205	178	0	1.25199	0.3696195132320119	0.9142857142857143	42.0	2	9.86564822404
1418362239192	205	311	0	1.24943	0.3688637356667966	0.9122448979591837	43.0	2	12.2093508388
1418362239192	205	272	0	1.24872	0.3686541254826939	0.9102040816326531	44.0	2	5.28929568539
1418362239192	205	366	0	1.24597	0.36784225505131024	0.9081632653061225	45.0	2	11.8256875271
1418362239192	205	85	0	1.24568	0.3677566396240006	0.9061224489795918	46.0	2	6.09252485656
1418362239192	205	488	0	1.23121	0.3634847250268655	0.9040816326530612	47.0	2	13.5236498033
1418362239192	205	93	0	1.22309	0.3610874930621982	0.9020408163265307	48.0	2	11.7155471139
1418362239192	205	2	0	1.21648	0.35913605177076324	0.9	49.0	2	11.6838492911
1418362239192	205	402	0	1.21465	0.3585957889018788	0.8979591836734694	50.0	2	10.374383484
1418362239192	205	437	0	1.21346	0.35824447042429824	0.8959183673469387	51.0	2	10.9756279892
1418362239192	205	271	0	1.21168	0.35771896883598453	0.8938775510204082	52.0	2	1.59670285984
1418362239192	205	158	0	1.2113	0.35760678310364785	0.8918367346938776	53.0	2	12.4327423554
1418362239192	205	195	0	1.21052	0.3573765071267463	0.889795918367347	54.0	2	20.9749927014
1418362239192	205	110	0	1.20913	0.3569661435268833	0.8877551020408163	55.0	2	7.70896413705
1418362239192	205	372	0	1.20341	0.3552774530296053	0.8857142857142857	56.0	2	9.34454920215
1418362239192	205	23	0	1.20133	0.35466338375786777	0.8826530612244898	57.5	2	8.94097585365
1418362239192	205	436	0	1.20133	0.35466338375786777	0.8826530612244898	57.5	2	10.9413473258
1418362239192	205	483	0	1.19637	0.353199064725263	0.8795918367346939	59.0	2	21.9989991404
1418362239192	205	426	0	1.18676	0.3503619465995914	0.8775510204081632	60.0	2	6.96890395004
1418362239192	205	105	0	1.18149	0.3488061076274489	0.8755102040816327	61.0	2	9.68900729117
1418362239192	205	416	0	1.18018	0.3484193620764989	0.8734693877551021	62.0	2	21.6891760574
1418362239192	205	434	0	1.17884	0.3480237597572065	0.8714285714285714	63.0	2	11.0607753397
1418362239192	205	441	0	1.1748	0.34683104828710104	0.8693877551020408	64.0	2	11.0438085728
1418362239192	205	348	0	1.17472	0.34680743023818805	0.8673469387755102	65.0	2	13.3762996211
1418362239192	205	468	0	1.17381	0.3465387749318029	0.8653061224489795	66.0	2	20.7877374188
1418362239192	205	386	0	1.17061	0.3455940529752837	0.863265306122449	67.0	2	10.5733647987
1418362239192	205	337	0	1.16109	0.3427835051546392	0.8612244897959184	68.0	2	16.5612726493
1418362239192	205	196	0	1.16085	0.3427126510079002	0.8591836734693877	69.0	2	8.53789208031
1418362239192	205	355	0	1.16014	0.34250304082379757	0.8571428571428572	70.0	2	8.08682785131
1418362239192	205	173	0	1.15857	0.34203953661388037	0.8551020408163266	71.0	2	9.9621856343
1418362239192	205	129	0	1.15839	0.34198639600382613	0.8530612244897959	72.0	2	7.52510040024
1418362239192	205	300	0	1.15707	0.34159669819676197	0.8510204081632653	73.0	2	11.1619296685
1418362239192	205	363	0	1.15694	0.34155831886727844	0.8489795918367347	74.0	2	1.71828182846
1418362239192	205	218	0	1.15574	0.3412040481335837	0.846938775510204	75.0	2	1.83315996791
1418362239192	205	353	0	1.14718	0.33867691689989493	0.8448979591836735	76.0	2	8.23237631675
1418362239192	205	350	0	1.14669	0.33853225635030293	0.8428571428571429	77.0	2	8.30404192542
1418362239192	205	457	0	1.14555	0.338195699153293	0.8408163265306122	78.0	2	16.467430045
1418362239192	205	169	0	1.1432	0.3375019189664742	0.8387755102040817	79.0	2	14.8778171079
1418362239192	205	440	0	1.14296	0.3374310648197352	0.8367346938775511	80.0	2	11.0268106141
1418362239192	205	240	0	1.14256	0.33731297457517034	0.8346938775510204	81.0	2	9.04923023373
1418362239192	205	459	0	1.14049	0.336701857559547	0.8326530612244898	82.0	2	16.4569624999
1418362239192	205	13	0	1.139	0.3362619713985428	0.8306122448979592	83.0	2	10.8203428323
1418362239192	205	445	0	1.13741	0.33579256267639734	0.8285714285714285	84.0	2	16.7879594942
1418362239192	205	317	0	1.13316	0.3345378538278953	0.826530612244898	85.0	2	17.1011366087
1418362239192	205	157	0	1.12993	0.3335842751030338	0.8244897959183674	86.0	2	12.4621638401
1418362239192	205	335	0	1.12975	0.33353113449297955	0.8224489795918367	87.0	2	20.5267858269
1418362239192	205	318	0	1.12864	0.33320343406431197	0.8204081632653062	88.0	2	14.8540976474
1418362239192	205	94	0	1.12669	0.3326277441220581	0.8183673469387756	89.0	2	14.6143135215
1418362239192	205	54	0	1.12666	0.33261888735371575	0.8163265306122449	90.0	2	6.42105606434
1418362239192	205	242	0	1.12465	0.3320254838747771	0.8142857142857143	91.0	2	9.09210929975
1418362239192	205	37	0	1.12049	0.3307973453313022	0.8122448979591836	92.0	2	10.5375184998
1418362239192	205	9	0	1.12019	0.33070877764787854	0.810204081632653	93.0	2	16.4150103204
1418362239192	205	369	0	1.11979	0.33059068740331365	0.8081632653061225	94.0	2	17.2600487563
1418362239192	205	36	0	1.11662	0.3296548222151368	0.8061224489795918	95.0	2	10.5195408294
1418362239192	205	358	0	1.11614	0.32951311392165894	0.8040816326530612	96.0	2	8.15997865138
1418362239192	205	241	0	1.11577	0.3294038804454364	0.8020408163265307	97.0	2	9.11346010594
1418362239192	205	217	0	1.11378	0.32881638147872605	0.8	98.0	2	1.94226956977
1418362239192	205	460	0	1.10658	0.32669075707655787	0.7979591836734694	99.0	2	7.86263024502
1418362239192	205	285	0	1.10542	0.32634829536731974	0.7959183673469388	100.0	2	16.8897651436
1418362239192	205	221	0	1.10436	0.32603535621922275	0.7938775510204081	101.0	2	2.33382396387
1418362239192	205	304	0	1.10189	0.32530614895903454	0.7918367346938775	102.0	2	11.9963177099
1418362239192	205	222	0	1.09945	0.32458579846718866	0.789795918367347	103.0	2	2.24167852542
1418362239192	205	258	0	1.09932	0.3245474191377051	0.7877551020408163	104.0	2	20.2778389009
1418362239192	205	298	0	1.09547	0.3234108005337679	0.7857142857142857	105.0	2	11.2120982473
1418362239192	205	170	0	1.09409	0.32300338919001903	0.7836734693877551	106.0	2	20.2048495921
1418362239192	205	384	0	1.09237	0.32249560113839	0.7816326530612245	107.0	2	10.7153253394
1418362239192	205	389	0	1.09017	0.32184610479328307	0.7795918367346939	108.0	2	10.6623538343
1418362239192	205	313	0	1.09005	0.32181067771991356	0.7775510204081633	109.0	2	12.2843586882
1418362239192	205	225	0	1.0871	0.3209397621662475	0.7755102040816326	110.0	2	2.67307797431
1418362239192	205	18	0	1.08577	0.32054711210306913	0.773469387755102	111.0	2	15.0191750448
1418362239192	205	463	0	1.08477	0.3202518864916569	0.7714285714285715	112.0	2	7.88790559643
1418362239192	205	215	0	1.08426	0.3201013214298367	0.7693877551020408	113.0	2	8.74214972389
1418362239192	205	135	0	1.08364	0.3199182815507611	0.7673469387755102	114.0	2	2.75173835811
1418362239192	205	364	0	1.08361	0.31990942478241874	0.7653061224489796	115.0	2	11.8569307851
1418362239192	205	219	0	1.08286	0.31968800557385957	0.763265306122449	116.0	2	2.14598814288
1418362239192	205	330	0	1.08146	0.3192746897178825	0.7612244897959184	117.0	2	10.0195803417
1418362239192	205	419	0	1.08133	0.3192363103883988	0.7591836734693878	118.0	2	6.93975173634
1418362239192	205	390	0	1.08031	0.31893518026475837	0.7571428571428571	119.0	2	10.6446268614
1418362239192	205	121	0	1.07826	0.31832996776136324	0.7551020408163265	120.0	2	7.36328791434
1418362239192	205	203	0	1.0743	0.31716087434017076	0.753061224489796	121.0	2	8.37499560568
1418362239192	205	184	0	1.0741	0.3171018292178883	0.7510204081632653	122.0	2	15.1125180942
1418362239192	205	422	0	1.07373	0.31699259574166583	0.7489795918367347	123.0	2	6.73165529533
1418362239192	205	220	0	1.07349	0.31692174159492686	0.7469387755102042	124.0	2	2.04634756183
1418362239192	205	138	0	1.07286	0.31673574945973715	0.7448979591836735	125.0	2	2.97574138121
1418362239192	205	224	0	1.07268	0.31668260884968297	0.7428571428571429	126.0	2	2.42276574416
1418362239192	205	466	0	1.07255	0.3166442295201993	0.7408163265306122	127.0	2	8.01290182535
1418362239192	205	223	0	1.07254	0.31664127726408525	0.7387755102040816	128.0	2	2.50879440846
1418362239192	205	325	0	1.07212	0.31651728250729205	0.736734693877551	129.0	2	5.16904432636
1418362239192	205	485	0	1.07052	0.31604492152903246	0.7346938775510203	130.0	2	13.7214977747
1418362239192	205	56	0	1.06923	0.3156640804903107	0.7326530612244898	131.0	2	6.60939583421
1418362239192	205	406	0	1.06816	0.31534818908609963	0.7306122448979592	132.0	2	4.74418493255
1418362239192	205	444	0	1.06791	0.31527438268324653	0.7285714285714286	133.0	2	14.7228059465
1418362239192	205	136	0	1.06772	0.3152182898170782	0.726530612244898	134.0	2	2.8283070456
1418362239192	205	227	0	1.06735	0.31510905634085573	0.7244897959183674	135.0	2	5.04565933622
1418362239192	205	189	0	1.06702	0.3150116318890897	0.7224489795918367	136.0	2	15.3542539946
1418362239192	205	236	0	1.06672	0.31492306420566596	0.7204081632653061	137.0	2	11.4101407384
1418362239192	205	57	0	1.06631	0.314802021704987	0.7183673469387755	138.0	2	6.64019980625
1418362239192	205	145	0	1.06484	0.314368040056211	0.7163265306122448	139.0	2	12.5061396726
1418362239192	205	213	0	1.06434	0.31422042725050486	0.7142857142857143	140.0	2	8.65206351655
1418362239192	205	373	0	1.06399	0.3141170982865106	0.7122448979591837	141.0	2	9.36522541754
1418362239192	205	52	0	1.06338	0.3139370106635491	0.7102040816326531	142.0	2	6.48452252338
1418362239192	205	249	0	1.06245	0.3136624508449357	0.7081632653061225	143.0	2	5.55883891274
1418362239192	205	296	0	1.06152	0.31338789102632236	0.7061224489795919	144.0	2	11.2287615717
1418362239192	205	101	0	1.06118	0.31328751431844215	0.7040816326530612	145.0	2	9.76798044699
1418362239192	205	26	0	1.0608	0.31317532858610553	0.7020408163265306	146.0	2	8.78678853266
1418362239192	205	193	0	1.06079	0.31317237632999134	0.7	147.0	2	15.4224720762
1418362239192	205	226	0	1.06033	0.3130365725487418	0.6979591836734693	148.0	2	2.59215966979
1418362239192	205	446	0	1.05992	0.3129155300480627	0.6959183673469388	149.0	2	14.7107993992
1418362239192	205	34	0	1.05863	0.31253468900934095	0.6938775510204082	150.0	2	10.4834754206
1418362239192	205	230	0	1.05861	0.31252878449711274	0.6918367346938776	151.0	2	11.2619997923
1418362239192	205	214	0	1.05737	0.3121627047389615	0.689795918367347	152.0	2	8.67468755384
1418362239192	205	295	0	1.05652	0.3119117629692611	0.6877551020408164	153.0	2	13.8514951788
1418362239192	205	117	0	1.0563	0.31184681333475045	0.6857142857142857	154.0	2	7.81179582934
1418362239192	205	130	0	1.05496	0.311451211015458	0.6836734693877551	155.0	2	13.7476167303
1418362239192	205	471	0	1.05466	0.31136264333203434	0.6816326530612244	156.0	2	12.4915018053
1418362239192	205	61	0	1.05332	0.310967041012742	0.6795918367346938	157.0	2	3.9089722738
1418362239192	205	481	0	1.05296	0.3108607597926335	0.6775510204081633	158.0	2	4.01675774103
1418362239192	205	191	0	1.05168	0.31048287101002586	0.6755102040816326	159.0	2	13.2132772006
1418362239192	205	380	0	1.05146	0.3104179213755152	0.6734693877551021	160.0	2	9.38584804789
1418362239192	205	95	0	1.05132	0.3103765897899175	0.6714285714285715	161.0	2	14.5048301638
1418362239192	205	487	0	1.05046	0.31012269576410295	0.6693877551020408	162.0	2	13.6296024089
1418362239192	205	151	0	1.05041	0.31010793448353235	0.6673469387755102	163.0	2	12.1640785729
1418362239192	205	480	0	1.05021	0.3100488893612499	0.6653061224489796	164.0	2	4.17299940751
1418362239192	205	266	0	1.04966	0.3098865152749732	0.6632653061224489	165.0	2	16.1925676274
1418362239192	205	331	0	1.04959	0.3098658494821743	0.6612244897959183	166.0	2	10.1332165677
1418362239192	205	163	0	1.04948	0.30983337466491895	0.6591836734693878	167.0	2	5.77889325826
1418362239192	205	438	0	1.04945	0.30982451789657656	0.6571428571428571	168.0	2	10.9927204836
1418362239192	205	122	0	1.04939	0.3098068043598919	0.6551020408163265	169.0	2	7.33592035986
1418362239192	205	154	0	1.04932	0.309786138567093	0.653061224489796	170.0	2	12.3884520806
1418362239192	205	20	0	1.04914	0.3097329979570388	0.6510204081632653	171.0	2	8.96274938734
1418362239192	205	32	0	1.04755	0.30926358923489333	0.6489795918367347	172.0	2	10.4472618632
1418362239192	205	229	0	1.04716	0.3091484512464426	0.6469387755102041	173.0	2	11.3116382008
1418362239192	205	342	0	1.04701	0.30910416740473073	0.6448979591836734	174.0	2	15.4451295806
1418362239192	205	132	0	1.04698	0.30909531063638834	0.6428571428571428	175.0	2	3.11637675472
1418362239192	205	486	0	1.04633	0.30890341398897037	0.6408163265306123	176.0	2	13.6690779674
1418362239192	205	234	0	1.0459	0.30877646697606315	0.6387755102040816	177.0	2	11.3445861688
1418362239192	205	21	0	1.04569	0.3087144695976666	0.636734693877551	178.0	2	8.89724139515
1418362239192	205	28	0	1.04558	0.3086819947804112	0.6346938775510205	179.0	2	8.83116369364
1418362239192	205	429	0	1.04495	0.30849600264522153	0.6326530612244898	180.0	2	18.3712077557
1418362239192	205	149	0	1.04432	0.30831001051003176	0.6306122448979592	181.0	2	12.0576466142
1418362239192	205	116	0	1.04397	0.30820668154603753	0.6285714285714286	182.0	2	7.78623479017
1418362239192	205	190	0	1.04362	0.3081033525820432	0.6265306122448979	183.0	2	15.4111280398
1418362239192	205	409	0	1.04323	0.3079882145935925	0.6244897959183673	184.0	2	4.78850963791
1418362239192	205	479	0	1.04309	0.3079468830079948	0.6224489795918368	185.0	2	4.12160801708
1418362239192	205	115	0	1.04285	0.3078760288612558	0.6204081632653061	186.0	2	15.2856632251
1418362239192	205	79	0	1.04272	0.30783764953177223	0.6183673469387755	187.0	2	11.4590122122
1418362239192	205	470	0	1.04265	0.30781698373897337	0.616326530612245	188.0	2	6.79185099612
1418362239192	205	131	0	1.04241	0.3077461295922344	0.6142857142857143	189.0	2	3.04685488843
1418362239192	205	137	0	1.0424	0.3077431773361203	0.6122448979591837	190.0	2	2.90293110415
1418362239192	205	60	0	1.04232	0.3077195592872073	0.610204081632653	191.0	2	3.96324614471
1418362239192	205	482	0	1.04213	0.307663466421039	0.6081632653061224	192.0	2	4.06953597831
1418362239192	205	107	0	1.04212	0.30766051416492485	0.6061224489795918	193.0	2	7.73481998366
1418362239192	205	89	0	1.0417	0.30753651940813176	0.6040816326530613	194.0	2	6.22627439495
1418362239192	205	153	0	1.04104	0.3073416705045996	0.6020408163265306	195.0	2	12.4032366901
1418362239192	205	359	0	1.04088	0.3072944344067737	0.6	196.0	2	18.7593399244
1418362239192	205	183	0	1.04014	0.30707596745432864	0.5979591836734695	197.0	2	19.1551639725
1418362239192	205	247	0	1.0396	0.30691654562416604	0.5959183673469388	198.0	2	5.63324815941
1418362239192	205	427	0	1.03939	0.30685454824576947	0.5938775510204082	199.0	2	12.9219740053
1418362239192	205	55	0	1.03923	0.3068073121479435	0.5918367346938775	200.0	2	6.45287729379
1418362239192	205	354	0	1.03873	0.30665969934223736	0.5897959183673469	201.0	2	8.25634517966
1418362239192	205	392	0	1.03862	0.30662722452498203	0.5877551020408163	202.0	2	10.6800457779
1418362239192	205	264	0	1.03799	0.30644123238979226	0.5857142857142856	203.0	2	16.1390497382
1418362239192	205	231	0	1.03728	0.3062316222056896	0.5836734693877551	204.0	2	11.2785749761
1418362239192	205	270	0	1.03717	0.30619914738843423	0.5816326530612245	205.0	2	14.4681111339
1418362239192	205	125	0	1.03559	0.3057326909224029	0.5795918367346939	206.0	2	7.47160994842
1418362239192	205	4	0	1.03455	0.30542565628653423	0.5775510204081633	207.0	2	11.6041497636
1418362239192	205	235	0	1.03335	0.30507138555283947	0.5755102040816327	208.0	2	11.3937944275
1418362239192	205	159	0	1.03277	0.3049001546982204	0.573469387755102	209.0	2	12.418000087
1418362239192	205	365	0	1.03263	0.3048588231126227	0.5714285714285714	210.0	2	11.8413215332
1418362239192	205	491	0	1.03239	0.3047879689658837	0.5693877551020408	211.0	2	13.5502322068
1418362239192	205	273	0	1.03206	0.3046905445141177	0.5673469387755101	212.0	2	19.0680809678
1418362239192	205	70	0	1.03199	0.30466987872131884	0.5653061224489796	213.0	2	13.0477820238
1418362239192	205	424	0	1.03045	0.30421523127974404	0.563265306122449	214.0	2	10.0765882765
1418362239192	205	245	0	1.03032	0.3041768519502604	0.5612244897959184	215.0	2	9.19828220399
1418362239192	205	74	0	1.03021	0.3041443771330051	0.5591836734693878	216.0	2	12.9640741087
1418362239192	205	451	0	1.03009	0.30410895005963556	0.5571428571428572	217.0	2	9.52873766558
1418362239192	205	361	0	1.02979	0.30402038237621193	0.5551020408163265	218.0	2	18.2702775053
1418362239192	205	46	0	1.02961	0.3039672417661577	0.5520408163265307	219.5	2	13.0893933461
1418362239192	205	47	0	1.02961	0.3039672417661577	0.5520408163265307	219.5	2	13.0755407077
1418362239192	205	78	0	1.02927	0.30386686505827754	0.5489795918367346	221.0	2	11.4752473215
1418362239192	205	58	0	1.02771	0.3034063131044744	0.5469387755102041	222.0	2	6.54729558983
1418362239192	205	73	0	1.0277	0.30340336084836034	0.5448979591836735	223.0	2	12.9920492413
1418362239192	205	86	0	1.02766	0.30339155182390387	0.5428571428571429	224.0	2	6.19314042826
1418362239192	205	156	0	1.02625	0.3029752837118126	0.5408163265306123	225.0	2	6.05857019782
1418362239192	205	80	0	1.02621	0.3029634746873561	0.5387755102040817	226.0	2	17.7358648748
1418362239192	205	8	0	1.02615	0.30294576115067134	0.536734693877551	227.0	2	11.7313574949
1418362239192	205	268	0	1.02599	0.30289852505284537	0.5346938775510204	228.0	2	14.4189750908
1418362239192	205	49	0	1.02421	0.30237302346453165	0.5326530612244897	229.0	2	13.1308452011
1418362239192	205	334	0	1.02417	0.30236121444007513	0.5306122448979591	230.0	2	10.1143822221
1418362239192	205	401	0	1.02411	0.3023435009033904	0.5285714285714286	231.0	2	10.2824212622
1418362239192	205	112	0	1.02384	0.3022637899883091	0.5265306122448979	232.0	2	7.6569502212
1418362239192	205	344	0	1.0231	0.302045323035864	0.5244897959183674	233.0	2	15.512859357
1418362239192	205	320	0	1.02211	0.30175304968056593	0.5224489795918368	234.0	2	4.96154594991
1418362239192	205	314	0	1.0221	0.3017500974244518	0.5204081632653061	235.0	2	12.299294185
1418362239192	205	43	0	1.02161	0.30160543687485974	0.5183673469387755	236.0	2	19.2331217651
1418362239192	205	111	0	1.02153	0.3015818188259468	0.5163265306122449	237.0	2	7.6307899605
1418362239192	205	62	0	1.02064	0.3013190680317899	0.5142857142857142	238.0	2	3.62501177563
1418362239192	205	237	0	1.01936	0.30094117924918223	0.5122448979591836	239.0	2	9.02770106126
1418362239192	205	326	0	1.01912	0.3008703251024433	0.5102040816326531	240.0	2	5.20946538397
1418362239192	205	232	0	1.019	0.3008348980290738	0.5071428571428571	241.5	2	11.3610172777
1418362239192	205	233	0	1.019	0.3008348980290738	0.5071428571428571	241.5	2	11.3281265224
1418362239192	205	412	0	1.01849	0.30068433296725355	0.5040816326530613	243.0	2	4.65417245275
1418362239192	205	379	0	1.01811	0.300572147234917	0.5020408163265306	244.0	2	9.24035063709
1418362239192	205	439	0	1.01758	0.3004156776608684	0.5	245.0	2	11.0097813046
1418362239192	205	3	0	1.01724	0.30031530095298825	0.49795918367346936	246.0	2	11.6997110844
1418362239192	205	179	0	1.01715	0.3002887306479612	0.4959183673469387	247.0	2	10.0004921056
1418362239192	205	246	0	1.01695	0.30022968552567875	0.4938775510204082	248.0	2	9.17716297478
1418362239192	205	267	0	1.01693	0.3002237810134505	0.49183673469387756	249.0	2	14.4066591699
1418362239192	205	206	0	1.01653	0.3001056907688856	0.4897959183673469	250.0	2	18.8924219921
1418362239192	205	35	0	1.01627	0.30002893210991843	0.4877551020408163	251.0	2	10.5015265388
1418362239192	205	82	0	1.01616	0.29999645729266305	0.48571428571428577	252.0	2	6.38905609893
1418362239192	205	83	0	1.0161	0.2999787437559783	0.48367346938775513	253.0	2	6.35687459105
1418362239192	205	332	0	1.01569	0.2998577012552993	0.4816326530612245	254.0	2	10.1520095009
1418362239192	205	315	0	1.0153	0.29974256326684856	0.47959183673469385	255.0	2	12.3142078653
1418362239192	205	208	0	1.01525	0.2997278019862779	0.4775510204081632	256.0	2	8.62937019163
1418362239192	205	405	0	1.01445	0.29949162149714814	0.4755102040816327	257.0	2	4.8758575283
1418362239192	205	368	0	1.01444	0.299488669241034	0.47346938775510206	258.0	2	11.7943448157
1418362239192	205	312	0	1.01427	0.29943848088709396	0.4714285714285714	259.0	2	12.2394204113
1418362239192	205	90	0	1.01423	0.29942667186263744	0.4693877551020408	260.0	2	6.32450866126
1418362239192	205	443	0	1.01374	0.2992820113130455	0.46734693877551026	261.0	2	17.640042541
1418362239192	205	212	0	1.01334	0.2991639210684805	0.4653061224489796	262.0	2	8.71973008704
1418362239192	205	209	0	1.01333	0.2991609688123664	0.463265306122449	263.0	2	8.56086854448
1418362239192	205	490	0	1.01286	0.2990222127750027	0.46122448979591835	264.0	2	13.4970038731
1418362239192	205	197	0	1.01278	0.2989985947260897	0.4591836734693877	265.0	2	8.51484329145
1418362239192	205	228	0	1.0124	0.298886408993753	0.4571428571428572	266.0	2	11.2951210653
1418362239192	205	161	0	1.01239	0.2988834567376389	0.45510204081632655	267.0	2	5.85020984466
1418362239192	205	367	0	1.01238	0.2988805044815248	0.4530612244897959	268.0	2	11.8100286579
1418362239192	205	378	0	1.01203	0.2987771755175305	0.4510204081632653	269.0	2	9.21934461775
1418362239192	205	338	0	1.01175	0.29869451234633504	0.44897959183673475	270.0	2	13.9800270277
1418362239192	205	108	0	1.01132	0.2985675653334278	0.4469387755102041	271.0	2	7.76057651848
1418362239192	205	77	0	1.0108	0.2984140480154934	0.4448979591836735	272.0	2	11.5076352444
1418362239192	205	309	0	1.01064	0.2983668119176675	0.44285714285714284	273.0	2	11.9036110933
1418362239192	205	63	0	1.01023	0.2982457694169885	0.4408163265306122	274.0	2	3.5654356397
1418362239192	205	362	0	1.01004	0.2981896765508202	0.4387755102040817	275.0	2	17.9161897327
1418362239192	205	48	0	1.00984	0.29813063142853774	0.4357142857142857	276.5	2	13.1446273402
1418362239192	205	71	0	1.00984	0.29813063142853774	0.4357142857142857	276.5	2	13.0616702881
1418362239192	205	395	0	1.00977	0.2981099656357389	0.43265306122448977	278.0	2	10.2453616796
1418362239192	205	33	0	1.00886	0.29784131032935374	0.43061224489795913	279.0	2	10.4653872658
1418362239192	205	397	0	1.0083	0.2976759839869628	0.4285714285714286	280.0	2	10.2081423235
1418362239192	205	316	0	1.00827	0.2976671272186205	0.42653061224489797	281.0	2	12.3439701283
1418362239192	205	64	0	1.0081	0.2976169388646804	0.42448979591836733	282.0	2	3.50482920634
1418362239192	205	202	0	1.00778	0.2975224666690285	0.4224489795918367	283.0	2	8.39849197564
1418362239192	205	99	0	1.00731	0.2973837106316647	0.42040816326530617	284.0	2	9.72858852194
1418362239192	205	24	0	1.00721	0.2973541880705235	0.41836734693877553	285.0	2	8.91914002154
1418362239192	205	455	0	1.00706	0.2973099042288117	0.4163265306122449	286.0	2	9.44739823255
1418362239192	205	65	0	1.00702	0.2972980952043552	0.41428571428571426	287.0	2	3.44314160014
1418362239192	205	478	0	1.00701	0.29729514294824105	0.4122448979591836	288.0	2	4.27383515712
1418362239192	205	12	0	1.00677	0.2972242888015021	0.4102040816326531	289.0	2	10.8723986406
1418362239192	205	53	0	1.00672	0.29720952752093155	0.40816326530612246	290.0	2	6.51599442123
1418362239192	205	155	0	1.00619	0.297053057946883	0.4061224489795918	291.0	2	6.02440143526
1418362239192	205	22	0	1.00606	0.29701467861739944	0.4040816326530612	292.0	2	8.87527947214
1418362239192	205	306	0	1.00604	0.2970087741051712	0.40204081632653066	293.0	2	11.9655114206
1418362239192	205	50	0	1.00578	0.29693201544620396	0.4	294.0	2	6.67084284555
1418362239192	205	274	0	1.00556	0.2968670658116933	0.3979591836734694	295.0	2	17.8973136388
1418362239192	205	489	0	1.00533	0.29679916392106853	0.39591836734693875	296.0	2	13.4836569538
1418362239192	205	148	0	1.00523	0.2967696413599273	0.3938775510204081	297.0	2	17.5145059558
1418362239192	205	109	0	1.00519	0.2967578323354708	0.3918367346938776	298.0	2	7.68300791158
1418362239192	205	297	0	1.00482	0.29664859885924827	0.38979591836734695	299.0	2	11.1283336295
1418362239192	205	387	0	1.00463	0.2965925059930799	0.3877551020408163	300.0	2	10.6268646667
1418362239192	205	288	0	1.00437	0.29651574733411273	0.3857142857142857	301.0	2	12.7232754692
1418362239192	205	450	0	1.00425	0.2964803202607433	0.38265306122448983	302.5	2	9.54894502396
1418362239192	205	452	0	1.00425	0.2964803202607433	0.38265306122448983	302.5	2	9.50847966214
1418362239192	205	339	0	1.00394	0.2963888003212055	0.37857142857142856	304.5	2	13.9287872341
1418362239192	205	341	0	1.00394	0.2963888003212055	0.37857142857142856	304.5	2	13.9159414418
1418362239192	205	430	0	1.00391	0.2963799435528631	0.3755102040816326	306.0	2	12.8088881125
1418362239192	205	376	0	1.00378	0.2963415642233795	0.3734693877551021	307.0	2	9.26130067796
1418362239192	205	103	0	1.00343	0.29623823525938525	0.37142857142857144	308.0	2	9.64923421517
1418362239192	205	67	0	1.00334	0.29621166495435813	0.3693877551020408	309.0	2	3.79801228121
1418362239192	205	307	0	1.00314	0.2961526198320757	0.36734693877551017	310.0	2	11.9809264691
1418362239192	205	27	0	1.00298	0.2961053837342497	0.36530612244897964	311.0	2	8.85325374354
1418362239192	205	302	0	1.00287	0.29607290891699434	0.363265306122449	312.0	2	12.0270291733
1418362239192	205	456	0	1.0028	0.2960522431241955	0.36122448979591837	313.0	2	9.42693407944
1418362239192	205	160	0	1.00279	0.2960492908680814	0.35918367346938773	314.0	2	5.8146730734
1418362239192	205	340	0	1.00276	0.29604043409973907	0.3571428571428571	315.0	2	13.9416186445
1418362239192	205	323	0	1.00275	0.29603748184362494	0.35510204081632657	316.0	2	5.08714989101
1418362239192	205	453	0	1.00257	0.2959843412335707	0.35306122448979593	317.0	2	9.48817066079
1418362239192	205	299	0	1.00155	0.29568321110993023	0.3510204081632653	318.0	2	11.1954052533
1418362239192	205	68	0	1.00154	0.29568025885381616	0.34897959183673466	319.0	2	3.74125799729
1418362239192	205	407	0	1.0014	0.2956389272682184	0.34693877551020413	320.0	2	4.69941016405
1418362239192	205	167	0	1.00132	0.2956153092193054	0.3448979591836735	321.0	2	5.92057218042
1418362239192	205	10	0	1.00078	0.2954558873891428	0.34183673469387754	322.5	2	10.8896846531
1418362239192	205	11	0	1.00078	0.2954558873891428	0.34183673469387754	322.5	2	10.9069379915
1418362239192	205	454	0	1.00074	0.2954440783646863	0.3387755102040816	324.0	2	9.4678103046
1418362239192	205	321	0	1.00053	0.2953820809862897	0.33673469387755106	325.0	2	5.00379452098
1418362239192	205	435	0	0.99995	0.29521085013167064	0.3346938775510204	326.0	2	11.0777110729
1418362239192	205	165	0	0.99939	0.2950455237892798	0.3326530612244898	327.0	2	5.99001479019
1418362239192	205	128	0	0.99925	0.29500419220368207	0.33061224489795915	328.0	2	7.55168240134
1418362239192	205	133	0	0.99902	0.29493629031305724	0.3285714285714286	329.0	2	3.18440183976
1418362239192	205	199	0	0.99859	0.29480934330014996	0.326530612244898	330.0	2	8.46852619598
1418362239192	205	164	0	0.99831	0.2947266801289546	0.32448979591836735	331.0	2	5.95540637335
1418362239192	205	458	0	0.99819	0.2946912530555851	0.3224489795918367	332.0	2	12.3588188851
1418362239192	205	126	0	0.99818	0.29468830079947095	0.3204081632653061	333.0	2	7.44469900961
1418362239192	205	383	0	0.99782	0.2945820195793626	0.31836734693877555	334.0	2	10.732913334
1418362239192	205	417	0	0.99755	0.2945023086642813	0.3163265306122449	335.0	2	6.88102513929
1418362239192	205	134	0	0.99715	0.29438421841971635	0.3142857142857143	336.0	2	3.25101607717
1418362239192	205	124	0	0.99711	0.2943724093952599	0.31224489795918364	337.0	2	7.49840999342
1418362239192	205	356	0	0.99703	0.2943487913463469	0.310204081632653	338.0	2	8.11129647504
1418362239192	205	91	0	0.99702	0.29434583909023276	0.3081632653061225	339.0	2	6.2919553545
1418362239192	205	287	0	0.99684	0.2942926984801785	0.30612244897959184	340.0	2	12.7089389301
1418362239192	205	284	0	0.99667	0.2942425101262385	0.3040816326530612	341.0	2	7.28083122049
1418362239192	205	66	0	0.99643	0.29417165597949957	0.30102040816326525	342.5	2	3.85390529605
1418362239192	205	408	0	0.99643	0.29417165597949957	0.30102040816326525	342.5	2	4.83239658282
1418362239192	205	172	0	0.99617	0.29409489732053234	0.2969387755102041	344.5	2	9.90439680346
1418362239192	205	473	0	0.99617	0.29409489732053234	0.2969387755102041	344.5	2	4.42054346125
1418362239192	205	252	0	0.99587	0.2940063296371087	0.29387755102040813	346.0	2	5.44511745301
1418362239192	205	428	0	0.99577	0.29397680707596746	0.2918367346938775	347.0	2	12.9079037297
1418362239192	205	256	0	0.99557	0.293917761953685	0.28979591836734697	348.0	2	5.67004823336
1418362239192	205	6	0	0.99493	0.2937288175623812	0.28775510204081634	349.0	2	11.63610816
1418362239192	205	324	0	0.99482	0.29369634274512585	0.2857142857142857	350.0	2	5.12827530171
1418362239192	205	166	0	0.99469	0.29365796341564226	0.28367346938775506	351.0	2	5.88550808723
1418362239192	205	255	0	0.99465	0.2936461543911858	0.28163265306122454	352.0	2	5.70658572056
1418362239192	205	248	0	0.99452	0.29360777506170216	0.2795918367346939	353.0	2	5.59618020832
1418362239192	205	17	0	0.99368	0.29335978554811587	0.27755102040816326	354.0	2	10.7679866804
1418362239192	205	343	0	0.99338	0.29327121786469224	0.2755102040816326	355.0	2	13.4702939942
1418362239192	205	310	0	0.99303	0.29316788890069795	0.2724489795918368	356.5	2	11.9191224024
1418362239192	205	370	0	0.99303	0.29316788890069795	0.2724489795918368	356.5	2	11.8880754581
1418362239192	205	477	0	0.99217	0.2929139948748834	0.2693877551020408	358.0	2	4.22373421905
1418362239192	205	347	0	0.9921	0.29289332908208454	0.2673469387755102	359.0	2	13.3628063896
1418362239192	205	76	0	0.99196	0.2928519974964868	0.26530612244897955	360.0	2	11.5560132996
1418362239192	205	152	0	0.99188	0.29282837944757384	0.263265306122449	361.0	2	12.1489426718
1418362239192	205	162	0	0.99171	0.2927781910936338	0.2612244897959184	362.0	2	5.74286574231
1418362239192	205	250	0	0.99121	0.29263057828792766	0.25918367346938775	363.0	2	5.52121862006
1418362239192	205	30	0	0.99077	0.29250067901890625	0.2571428571428571	364.0	2	10.4108984606
1418362239192	205	25	0	0.99042	0.29239735005491196	0.2551020408163265	365.0	2	8.80900879987
1418362239192	205	69	0	0.98999	0.29227040304200474	0.25306122448979596	366.0	2	3.68360468059
1418362239192	205	308	0	0.98958	0.2921493605413257	0.2510204081632653	367.0	2	11.9346094905
1418362239192	205	239	0	0.98949	0.2921227902362986	0.24897959183673468	368.0	2	9.0706994935
1418362239192	205	177	0	0.98931	0.2920696496262444	0.24693877551020404	369.0	2	9.88504497313
1418362239192	205	476	0	0.98877	0.2919102277960818	0.24489795918367352	370.0	2	4.37222003472
1418362239192	205	188	0	0.98875	0.2919043232838535	0.24285714285714288	371.0	2	13.3222272769
1418362239192	205	431	0	0.98804	0.29169471309975087	0.24081632653061225	372.0	2	12.8372724934
1418362239192	205	15	0	0.98753	0.2915441480379306	0.2387755102040816	373.0	2	10.785472399
1418362239192	205	294	0	0.98747	0.2915264345012459	0.23673469387755097	374.0	2	12.6945828348
1418362239192	205	305	0	0.98713	0.29142605779336567	0.23469387755102045	375.0	2	12.0116852443
1418362239192	205	345	0	0.98708	0.29141129651279507	0.2326530612244898	376.0	2	13.4032367105
1418362239192	205	277	0	0.98707	0.291408344256681	0.23061224489795917	377.0	2	7.08414803474
1418362239192	205	72	0	0.98618	0.29114559346252405	0.22857142857142854	378.0	2	15.6472443263
1418362239192	205	414	0	0.98614	0.2911337844380676	0.226530612244898	379.0	2	14.3076665106
1418362239192	205	411	0	0.98588	0.2910570257791004	0.22448979591836737	380.0	2	4.51554338328
1418362239192	205	290	0	0.98574	0.29101569419350265	0.22244897959183674	381.0	2	12.7518901728
1418362239192	205	371	0	0.98567	0.29099502840070385	0.2204081632653061	382.0	2	11.8725153909
1418362239192	205	418	0	0.98546	0.2909330310223073	0.21836734693877546	383.0	2	6.85144695553
1418362239192	205	120	0	0.98544	0.290927126510079	0.21530612244897962	384.5	2	7.39053930879
1418362239192	205	127	0	0.98544	0.290927126510079	0.21530612244897962	384.5	2	7.41767589764
1418362239192	205	254	0	0.98542	0.29092122199785075	0.21224489795918366	386.0	2	5.36782743067
1418362239192	205	391	0	0.98539	0.2909123652295084	0.21020408163265303	387.0	2	10.6977028832
1418362239192	205	84	0	0.98534	0.29089760394893777	0.2081632653061225	388.0	2	6.12626908399
1418362239192	205	421	0	0.98491	0.2907706569360305	0.20612244897959187	389.0	2	6.76182915811
1418362239192	205	286	0	0.98477	0.29072932535043283	0.20408163265306123	390.0	2	10.1894721314
1418362239192	205	29	0	0.9847	0.290708659557634	0.2020408163265306	391.0	2	10.3926600284
1418362239192	205	474	0	0.98354	0.29036619784839574	0.19999999999999996	392.0	2	4.46831215228
1418362239192	205	425	0	0.98349	0.29035143656782514	0.19795918367346943	393.0	2	6.99791790593
1418362239192	205	146	0	0.98346	0.2903425797994828	0.1959183673469388	394.0	2	12.6225064098
1418362239192	205	420	0	0.98345	0.2903396275433687	0.19387755102040816	395.0	2	6.91045942588
1418362239192	205	357	0	0.98309	0.29023334632326026	0.19183673469387752	396.0	2	8.13567980243
1418362239192	205	87	0	0.98294	0.2901890624815484	0.189795918367347	397.0	2	6.1598064505
1418362239192	205	98	0	0.98283	0.2901565876642931	0.18775510204081636	398.0	2	9.70882172719
1418362239192	205	207	0	0.98264	0.2901004947981247	0.1846938775510204	399.5	2	8.60660698858
1418362239192	205	442	0	0.98264	0.2901004947981247	0.1846938775510204	399.5	2	8.58377330861
1418362239192	205	88	0	0.98238	0.29002373613915755	0.18163265306122445	401.0	2	6.25921163732
1418362239192	205	346	0	0.98185	0.2898672665651091	0.17959183673469392	402.0	2	13.4301083377
1418362239192	205	432	0	0.98157	0.28978460339391365	0.17755102040816328	403.0	2	12.823089793
1418362239192	205	16	0	0.98139	0.2897314627838594	0.17551020408163265	404.0	2	10.8029243898
1418362239192	205	38	0	0.98118	0.2896694654054629	0.1724489795918367	405.5	2	10.555459755
1418362239192	205	388	0	0.98118	0.2896694654054629	0.1724489795918367	405.5	2	10.6090670557
1418362239192	205	44	0	0.9811	0.28964584735654986	0.1673469387755102	408.0	2	13.1995818043
1418362239192	205	45	0	0.9811	0.28964584735654986	0.1673469387755102	408.0	2	13.1858691805
1418362239192	205	182	0	0.9811	0.28964584735654986	0.1673469387755102	408.0	2	14.1071381585
1418362239192	205	351	0	0.98091	0.28958975449038155	0.16326530612244894	410.0	2	8.18419382703
1418362239192	205	329	0	0.98086	0.28957499320981095	0.1612244897959184	411.0	2	5.32872022781
1418362239192	205	204	0	0.98053	0.2894775687580449	0.15918367346938778	412.0	2	8.35142227689
1418362239192	205	464	0	0.98051	0.28947166424581666	0.15714285714285714	413.0	2	7.96317573011
1418362239192	205	205	0	0.98034	0.2894214758918766	0.1551020408163265	414.0	2	8.32777128756
1418362239192	205	75	0	0.98013	0.28935947851348	0.15306122448979587	415.0	2	11.5720854661
1418362239192	205	200	0	0.97918	0.2890790141826384	0.15102040816326534	416.0	2	8.44525659448
1418362239192	205	281	0	0.97904	0.28903768259704066	0.1489795918367347	417.0	2	7.19729089444
1418362239192	205	433	0	0.97901	0.2890288258286983	0.14693877551020407	418.0	2	12.8514362837
1418362239192	205	465	0	0.97884	0.2889786374747582	0.14489795918367343	419.0	2	7.93817740014
1418362239192	205	289	0	0.97875	0.28895206716973115	0.1428571428571429	420.0	2	12.7375925257
1418362239192	205	423	0	0.97868	0.28893140137693224	0.14081632653061227	421.0	2	6.82172291058
1418362239192	205	399	0	0.97858	0.28890187881579105	0.13877551020408163	422.0	2	10.3193229551
1418362239192	205	181	0	0.97842	0.28885464271796507	0.136734693877551	423.0	2	14.1197727917
1418362239192	205	400	0	0.97833	0.288828072412938	0.13469387755102036	424.0	2	10.3008917285
1418362239192	205	201	0	0.9783	0.2888192156445956	0.13265306122448983	425.0	2	8.42191207815
1418362239192	205	293	0	0.97807	0.2887513137539708	0.1306122448979592	426.0	2	12.6802071094
1418362239192	205	59	0	0.97799	0.28872769570505785	0.12857142857142856	427.0	2	6.57842856824
1418362239192	205	415	0	0.97798	0.28872474344894367	0.12653061224489792	428.0	2	14.2827877127
1418362239192	205	150	0	0.97788	0.2886952208878025	0.1244897959183674	429.0	2	12.1186025873
1418362239192	205	279	0	0.97772	0.28864798478997655	0.12244897959183676	430.0	2	7.14097549902
1418362239192	205	118	0	0.97757	0.2886037009482647	0.12040816326530612	431.0	2	16.0313557619
1418362239192	205	282	0	0.97704	0.2884472313742162	0.11836734693877549	432.0	2	7.22526051452
1418362239192	205	410	0	0.97672	0.2883527591785643	0.11632653061224485	433.0	2	4.56225356525
1418362239192	205	280	0	0.97563	0.2880309632621249	0.11428571428571432	434.0	2	7.16919640765
1418362239192	205	139	0	0.9754	0.28796306137150013	0.11224489795918369	435.0	2	3.31629760063
1418362239192	205	336	0	0.97378	0.2874847958810123	0.11020408163265305	436.0	2	8.06227310027
1418362239192	205	140	0	0.97376	0.287478891368784	0.10816326530612241	437.0	2	3.38031769437
1418362239192	205	142	0	0.97347	0.28739327594147446	0.10612244897959189	438.0	2	12.5935363207
1418362239192	205	147	0	0.97304	0.28726632892856724	0.10408163265306125	439.0	2	13.2950911208
1418362239192	205	119	0	0.97249	0.2871039548422905	0.1010204081632653	440.5	2	16.0205375092
1418362239192	205	393	0	0.97249	0.2871039548422905	0.1010204081632653	440.5	2	15.922767363
1418362239192	205	398	0	0.97246	0.2870950980739481	0.09795918367346934	442.0	2	10.3377151718
1418362239192	205	5	0	0.97158	0.28683529953590536	0.09591836734693882	443.0	2	11.620142139
1418362239192	205	467	0	0.96986	0.2863275114842763	0.09387755102040818	444.0	2	7.98808357159
1418362239192	205	278	0	0.9697	0.28628027538645034	0.09183673469387754	445.0	2	7.1126265814
1418362239192	205	475	0	0.96934	0.2861739941663419	0.0897959183673469	446.0	2	4.32332366818
1418362239192	205	14	0	0.9692	0.2861326625807442	0.08775510204081638	447.0	2	10.8377279042
1418362239192	205	447	0	0.96844	0.2859082911160709	0.08571428571428574	448.0	2	9.60926669813
1418362239192	205	352	0	0.96832	0.28587286404270146	0.0836734693877551	449.0	2	8.20832612202
1418362239192	205	243	0	0.96765	0.2856750628830553	0.08163265306122447	450.0	2	9.15598650391
1418362239192	205	41	0	0.9669	0.28545364367449605	0.07959183673469383	451.0	2	14.1450008863
1418362239192	205	275	0	0.96657	0.28535621922273	0.07755102040816331	452.0	2	7.02679540375
1418362239192	205	349	0	0.96649	0.28533260117381704	0.07551020408163267	453.0	2	8.28023346747
1418362239192	205	403	0	0.96635	0.2852912695882193	0.07346938775510203	454.0	2	10.3560686063
1418362239192	205	244	0	0.96456	0.2847628157437914	0.0714285714285714	455.0	2	9.1347523599
1418362239192	205	251	0	0.96444	0.28472738867042197	0.06938775510204087	456.0	2	5.48331348357
1418362239192	205	141	0	0.96437	0.2847067228776231	0.06734693877551023	457.0	2	12.6080314073
1418362239192	205	216	0	0.96394	0.28457977586471583	0.0653061224489796	458.0	2	8.76450235532
1418362239192	205	276	0	0.96371	0.284511873974091	0.06326530612244896	459.0	2	7.05553820512
1418362239192	205	472	0	0.96273	0.284222552874907	0.061224489795918324	460.0	2	12.4768432216
1418362239192	205	253	0	0.96251	0.2841576032403963	0.0591836734693878	461.0	2	5.40662426465
1418362239192	205	292	0	0.96233	0.2841044626303421	0.05714285714285716	462.0	2	12.6658116794
1418362239192	205	449	0	0.96195	0.2839922768980055	0.055102040816326525	463.0	2	9.56910208618
1418362239192	205	194	0	0.9617	0.2839184704951524	0.05306122448979589	464.0	2	13.2678876993
1418362239192	205	192	0	0.96121	0.2837738099455604	0.05102040816326525	465.0	2	13.2269554289
1418362239192	205	39	0	0.95914	0.28316269292993707	0.048979591836734726	466.0	2	14.1952935366
1418362239192	205	291	0	0.95902	0.2831272658565676	0.04693877551020409	467.0	2	12.6513964698
1418362239192	205	261	0	0.95899	0.2831184090882252	0.04489795918367345	468.0	2	15.8242558429
1418362239192	205	262	0	0.95737	0.2826401435977374	0.0418367346938775	469.5	2	15.8132636748
1418362239192	205	263	0	0.95737	0.2826401435977374	0.0418367346938775	469.5	2	15.8022621378
1418362239192	205	327	0	0.95704	0.28254271914597134	0.038775510204081653	471.0	2	5.24954657244
1418362239192	205	19	0	0.95658	0.28240691536472173	0.03673469387755102	472.0	2	8.98446111207
1418362239192	205	259	0	0.95543	0.2820674059115977	0.03367346938775506	473.5	2	15.8462121603
1418362239192	205	260	0	0.95543	0.2820674059115977	0.03367346938775506	473.5	2	15.835238664
1418362239192	205	40	0	0.95476	0.2818696047519515	0.030612244897959218	475.0	2	14.2203587412
1418362239192	205	328	0	0.95446	0.28178103706852775	0.02857142857142858	476.0	2	10.0576281618
1418362239192	205	96	0	0.95426	0.2817219919462453	0.026530612244897944	477.0	2	9.78760619848
1418362239192	205	97	0	0.94995	0.28044956956105854	0.024489795918367308	478.0	2	9.8071855512
1418362239192	205	413	0	0.94878	0.28010415559570623	0.022448979591836782	479.0	2	4.60845830375
1418362239192	205	333	0	0.94805	0.2798886408993753	0.020408163265306145	480.0	2	10.0955062104
1418362239192	205	396	0	0.94735	0.27968198297138674	0.01836734693877551	481.0	2	10.2267720925
1418362239192	205	174	0	0.94692	0.27955503595847947	0.01632653061224487	482.0	2	9.94296685177
1418362239192	205	144	0	0.9459	0.279253905834839	0.014285714285714235	483.0	2	12.5499297812
1418362239192	205	448	0	0.94467	0.27889077833280196	0.01224489795918371	484.0	2	9.5892091972
1418362239192	205	123	0	0.94423	0.27876087906378055	0.010204081632653073	485.0	2	7.30843526455
1418362239192	205	143	0	0.94391	0.27866640686812866	0.008163265306122436	486.0	2	12.5790210727
1418362239192	205	171	0	0.94201	0.2781054782064454	0.006122448979591799	487.0	2	9.92370400176
1418362239192	205	377	0	0.93425	0.2758145274618864	0.004081632653061273	488.0	2	9.28219515129
1418362239192	205	375	0	0.92646	0.273514719948985	0.0020408163265306367	489.0	2	9.32381901458
1418362239192	205	381	0	0.92644	0.2735088154367568	0.0	490	2	9.4064174758
