1418362239785	205	7	0	3.38724	1.0	0.9979591836734694	1.0	2	17.3780608618
1418362239785	205	382	0	3.03185	0.8950797699602037	0.9959183673469387	2.0	2	31.5763738457
1418362239785	205	106	0	2.48751	0.7343766606440641	0.9938775510204082	3.0	2	0.351249872567
1418362239785	205	100	0	2.00308	0.5913605177076323	0.9918367346938776	4.0	2	9.74830799111
1418362239785	205	210	0	1.90939	0.5637008301744193	0.9897959183673469	5.0	2	0.611428825559
1418362239785	205	175	0	1.86515	0.5506400491255418	0.9877551020408163	6.0	2	9.84620626643
1418362239785	205	360	0	1.6732	0.49397149301496207	0.9857142857142858	7.0	2	25.1938679384
1418362239785	205	301	0	1.65419	0.48835925414201536	0.9836734693877551	8.0	2	0.825876218113
1418362239785	205	283	0	1.57488	0.4649449109009105	0.9816326530612245	9.0	2	7.25310679194
1418362239785	205	385	0	1.51118	0.4461390394539507	0.9795918367346939	10.0	2	1.01167961873
1418362239785	205	257	0	1.47946	0.4367744830599544	0.9775510204081632	11.0	2	24.1808583343
1418362239785	205	404	0	1.45627	0.42992820113130453	0.9755102040816327	12.0	2	4.91890372632
1418362239785	205	113	0	1.41936	0.4190314238140787	0.9734693877551021	13.0	2	7.57815720668
1418362239785	205	92	0	1.41912	0.4189605696673398	0.9714285714285714	14.0	2	23.8134923831
1418362239785	205	484	0	1.39521	0.41190172529847313	0.9693877551020408	15.0	2	1.17744299519
1418362239785	205	265	0	1.38929	0.41015398967891264	0.9673469387755103	16.0	2	23.633812293
1418362239785	205	31	0	1.35117	0.398899989371878	0.9653061224489796	17.0	2	10.4290989999
1418362239785	205	81	0	1.3371	0.39474616501930776	0.963265306122449	18.0	2	1.32820606074
1418362239785	205	461	0	1.30685	0.3858155902740875	0.9612244897959183	19.0	2	7.83726064901
1418362239785	205	168	0	1.27946	0.3777293607775062	0.9591836734693877	20.0	2	1.46721500705
1418362239785	205	114	0	1.27155	0.37539412619123536	0.9571428571428572	21.0	2	7.60452600422
1418362239785	205	271	0	1.21168	0.35771896883598453	0.9551020408163265	22.0	2	1.59670285984
1418362239785	205	110	0	1.20913	0.3569661435268833	0.9530612244897959	23.0	2	7.70896413705
1418362239785	205	363	0	1.15694	0.34155831886727844	0.9510204081632653	24.0	2	1.71828182846
1418362239785	205	218	0	1.15574	0.3412040481335837	0.9489795918367347	25.0	2	1.83315996791
1418362239785	205	217	0	1.11378	0.32881638147872605	0.9469387755102041	26.0	2	1.94226956977
1418362239785	205	221	0	1.10436	0.32603535621922275	0.9448979591836735	27.0	2	2.33382396387
1418362239785	205	222	0	1.09945	0.32458579846718866	0.9428571428571428	28.0	2	2.24167852542
1418362239785	205	313	0	1.09005	0.32181067771991356	0.9408163265306122	29.0	2	12.2843586882
1418362239785	205	225	0	1.0871	0.3209397621662475	0.9387755102040817	30.0	2	2.67307797431
1418362239785	205	463	0	1.08477	0.3202518864916569	0.936734693877551	31.0	2	7.88790559643
1418362239785	205	135	0	1.08364	0.3199182815507611	0.9346938775510204	32.0	2	2.75173835811
1418362239785	205	219	0	1.08286	0.31968800557385957	0.9326530612244898	33.0	2	2.14598814288
1418362239785	205	220	0	1.07349	0.31692174159492686	0.9306122448979592	34.0	2	2.04634756183
1418362239785	205	138	0	1.07286	0.31673574945973715	0.9285714285714286	35.0	2	2.97574138121
1418362239785	205	224	0	1.07268	0.31668260884968297	0.926530612244898	36.0	2	2.42276574416
1418362239785	205	223	0	1.07254	0.31664127726408525	0.9244897959183673	37.0	2	2.50879440846
1418362239785	205	406	0	1.06816	0.31534818908609963	0.9224489795918367	38.0	2	4.74418493255
1418362239785	205	136	0	1.06772	0.3152182898170782	0.9204081632653062	39.0	2	2.8283070456
1418362239785	205	227	0	1.06735	0.31510905634085573	0.9183673469387755	40.0	2	5.04565933622
1418362239785	205	226	0	1.06033	0.3130365725487418	0.9163265306122449	41.0	2	2.59215966979
1418362239785	205	61	0	1.05332	0.310967041012742	0.9142857142857143	42.0	2	3.9089722738
1418362239785	205	137	0	1.0424	0.3077431773361203	0.9122448979591837	43.0	2	2.90293110415
1418362239785	205	405	0	1.01445	0.29949162149714814	0.9102040816326531	44.0	2	4.8758575283
1418362239785	205	2	0	1.0	0.29522561141224124	0.45510204081632655	267.0	2	11.6838492911
1418362239785	205	3	0	1.0	0.29522561141224124	0.45510204081632655	267.0	2	11.6997110844
1418362239785	205	4	0	1.0	0.29522561141224124	0.45510204081632655	267.0	2	11.6041497636
1418362239785	205	5	0	1.0	0.29522561141224124	0.45510204081632655	267.0	2	11.620142139
1418362239785	205	6	0	1.0	0.29522561141224124	0.45510204081632655	267.0	2	11.63610816
1418362239785	205	8	0	1.0	0.29522561141224124	0.45510204081632655	267.0	2	11.7313574949
1418362239785	205	9	0	1.0	0.29522561141224124	0.45510204081632655	267.0	2	16.4150103204
1418362239785	205	10	0	1.0	0.29522561141224124	0.45510204081632655	267.0	2	10.8896846531
1418362239785	205	11	0	1.0	0.29522561141224124	0.45510204081632655	267.0	2	10.9069379915
1418362239785	205	12	0	1.0	0.29522561141224124	0.45510204081632655	267.0	2	10.8723986406
1418362239785	205	13	0	1.0	0.29522561141224124	0.45510204081632655	267.0	2	10.8203428323
1418362239785	205	14	0	1.0	0.29522561141224124	0.45510204081632655	267.0	2	10.8377279042
1418362239785	205	15	0	1.0	0.29522561141224124	0.45510204081632655	267.0	2	10.785472399
1418362239785	205	16	0	1.0	0.29522561141224124	0.45510204081632655	267.0	2	10.8029243898
1418362239785	205	17	0	1.0	0.29522561141224124	0.45510204081632655	267.0	2	10.7679866804
1418362239785	205	18	0	1.0	0.29522561141224124	0.45510204081632655	267.0	2	15.0191750448
1418362239785	205	19	0	1.0	0.29522561141224124	0.45510204081632655	267.0	2	8.98446111207
1418362239785	205	20	0	1.0	0.29522561141224124	0.45510204081632655	267.0	2	8.96274938734
1418362239785	205	21	0	1.0	0.29522561141224124	0.45510204081632655	267.0	2	8.89724139515
1418362239785	205	22	0	1.0	0.29522561141224124	0.45510204081632655	267.0	2	8.87527947214
1418362239785	205	23	0	1.0	0.29522561141224124	0.45510204081632655	267.0	2	8.94097585365
1418362239785	205	24	0	1.0	0.29522561141224124	0.45510204081632655	267.0	2	8.91914002154
1418362239785	205	25	0	1.0	0.29522561141224124	0.45510204081632655	267.0	2	8.80900879987
1418362239785	205	26	0	1.0	0.29522561141224124	0.45510204081632655	267.0	2	8.78678853266
1418362239785	205	27	0	1.0	0.29522561141224124	0.45510204081632655	267.0	2	8.85325374354
1418362239785	205	28	0	1.0	0.29522561141224124	0.45510204081632655	267.0	2	8.83116369364
1418362239785	205	29	0	1.0	0.29522561141224124	0.45510204081632655	267.0	2	10.3926600284
1418362239785	205	30	0	1.0	0.29522561141224124	0.45510204081632655	267.0	2	10.4108984606
1418362239785	205	32	0	1.0	0.29522561141224124	0.45510204081632655	267.0	2	10.4472618632
1418362239785	205	33	0	1.0	0.29522561141224124	0.45510204081632655	267.0	2	10.4653872658
1418362239785	205	34	0	1.0	0.29522561141224124	0.45510204081632655	267.0	2	10.4834754206
1418362239785	205	35	0	1.0	0.29522561141224124	0.45510204081632655	267.0	2	10.5015265388
1418362239785	205	36	0	1.0	0.29522561141224124	0.45510204081632655	267.0	2	10.5195408294
1418362239785	205	37	0	1.0	0.29522561141224124	0.45510204081632655	267.0	2	10.5375184998
1418362239785	205	38	0	1.0	0.29522561141224124	0.45510204081632655	267.0	2	10.555459755
1418362239785	205	39	0	1.0	0.29522561141224124	0.45510204081632655	267.0	2	14.1952935366
1418362239785	205	40	0	1.0	0.29522561141224124	0.45510204081632655	267.0	2	14.2203587412
1418362239785	205	41	0	1.0	0.29522561141224124	0.45510204081632655	267.0	2	14.1450008863
1418362239785	205	42	0	1.0	0.29522561141224124	0.45510204081632655	267.0	2	14.1701743593
1418362239785	205	43	0	1.0	0.29522561141224124	0.45510204081632655	267.0	2	19.2331217651
1418362239785	205	44	0	1.0	0.29522561141224124	0.45510204081632655	267.0	2	13.1995818043
1418362239785	205	45	0	1.0	0.29522561141224124	0.45510204081632655	267.0	2	13.1858691805
1418362239785	205	46	0	1.0	0.29522561141224124	0.45510204081632655	267.0	2	13.0893933461
1418362239785	205	47	0	1.0	0.29522561141224124	0.45510204081632655	267.0	2	13.0755407077
1418362239785	205	48	0	1.0	0.29522561141224124	0.45510204081632655	267.0	2	13.1446273402
1418362239785	205	49	0	1.0	0.29522561141224124	0.45510204081632655	267.0	2	13.1308452011
1418362239785	205	50	0	1.0	0.29522561141224124	0.45510204081632655	267.0	2	6.67084284555
1418362239785	205	51	0	1.0	0.29522561141224124	0.45510204081632655	267.0	2	6.70132725788
1418362239785	205	52	0	1.0	0.29522561141224124	0.45510204081632655	267.0	2	6.48452252338
1418362239785	205	53	0	1.0	0.29522561141224124	0.45510204081632655	267.0	2	6.51599442123
1418362239785	205	54	0	1.0	0.29522561141224124	0.45510204081632655	267.0	2	6.42105606434
1418362239785	205	55	0	1.0	0.29522561141224124	0.45510204081632655	267.0	2	6.45287729379
1418362239785	205	56	0	1.0	0.29522561141224124	0.45510204081632655	267.0	2	6.60939583421
1418362239785	205	57	0	1.0	0.29522561141224124	0.45510204081632655	267.0	2	6.64019980625
1418362239785	205	58	0	1.0	0.29522561141224124	0.45510204081632655	267.0	2	6.54729558983
1418362239785	205	59	0	1.0	0.29522561141224124	0.45510204081632655	267.0	2	6.57842856824
1418362239785	205	60	0	1.0	0.29522561141224124	0.45510204081632655	267.0	2	3.96324614471
1418362239785	205	62	0	1.0	0.29522561141224124	0.45510204081632655	267.0	2	3.62501177563
1418362239785	205	63	0	1.0	0.29522561141224124	0.45510204081632655	267.0	2	3.5654356397
1418362239785	205	64	0	1.0	0.29522561141224124	0.45510204081632655	267.0	2	3.50482920634
1418362239785	205	65	0	1.0	0.29522561141224124	0.45510204081632655	267.0	2	3.44314160014
1418362239785	205	66	0	1.0	0.29522561141224124	0.45510204081632655	267.0	2	3.85390529605
1418362239785	205	67	0	1.0	0.29522561141224124	0.45510204081632655	267.0	2	3.79801228121
1418362239785	205	68	0	1.0	0.29522561141224124	0.45510204081632655	267.0	2	3.74125799729
1418362239785	205	69	0	1.0	0.29522561141224124	0.45510204081632655	267.0	2	3.68360468059
1418362239785	205	70	0	1.0	0.29522561141224124	0.45510204081632655	267.0	2	13.0477820238
1418362239785	205	71	0	1.0	0.29522561141224124	0.45510204081632655	267.0	2	13.0616702881
1418362239785	205	72	0	1.0	0.29522561141224124	0.45510204081632655	267.0	2	15.6472443263
1418362239785	205	73	0	1.0	0.29522561141224124	0.45510204081632655	267.0	2	12.9920492413
1418362239785	205	74	0	1.0	0.29522561141224124	0.45510204081632655	267.0	2	12.9640741087
1418362239785	205	75	0	1.0	0.29522561141224124	0.45510204081632655	267.0	2	11.5720854661
1418362239785	205	76	0	1.0	0.29522561141224124	0.45510204081632655	267.0	2	11.5560132996
1418362239785	205	77	0	1.0	0.29522561141224124	0.45510204081632655	267.0	2	11.5076352444
1418362239785	205	78	0	1.0	0.29522561141224124	0.45510204081632655	267.0	2	11.4752473215
1418362239785	205	79	0	1.0	0.29522561141224124	0.45510204081632655	267.0	2	11.4590122122
1418362239785	205	80	0	1.0	0.29522561141224124	0.45510204081632655	267.0	2	17.7358648748
1418362239785	205	82	0	1.0	0.29522561141224124	0.45510204081632655	267.0	2	6.38905609893
1418362239785	205	83	0	1.0	0.29522561141224124	0.45510204081632655	267.0	2	6.35687459105
1418362239785	205	84	0	1.0	0.29522561141224124	0.45510204081632655	267.0	2	6.12626908399
1418362239785	205	85	0	1.0	0.29522561141224124	0.45510204081632655	267.0	2	6.09252485656
1418362239785	205	86	0	1.0	0.29522561141224124	0.45510204081632655	267.0	2	6.19314042826
1418362239785	205	87	0	1.0	0.29522561141224124	0.45510204081632655	267.0	2	6.1598064505
1418362239785	205	88	0	1.0	0.29522561141224124	0.45510204081632655	267.0	2	6.25921163732
1418362239785	205	89	0	1.0	0.29522561141224124	0.45510204081632655	267.0	2	6.22627439495
1418362239785	205	90	0	1.0	0.29522561141224124	0.45510204081632655	267.0	2	6.32450866126
1418362239785	205	91	0	1.0	0.29522561141224124	0.45510204081632655	267.0	2	6.2919553545
1418362239785	205	93	0	1.0	0.29522561141224124	0.45510204081632655	267.0	2	11.7155471139
1418362239785	205	94	0	1.0	0.29522561141224124	0.45510204081632655	267.0	2	14.6143135215
1418362239785	205	95	0	1.0	0.29522561141224124	0.45510204081632655	267.0	2	14.5048301638
1418362239785	205	96	0	1.0	0.29522561141224124	0.45510204081632655	267.0	2	9.78760619848
1418362239785	205	97	0	1.0	0.29522561141224124	0.45510204081632655	267.0	2	9.8071855512
1418362239785	205	98	0	1.0	0.29522561141224124	0.45510204081632655	267.0	2	9.70882172719
1418362239785	205	99	0	1.0	0.29522561141224124	0.45510204081632655	267.0	2	9.72858852194
1418362239785	205	101	0	1.0	0.29522561141224124	0.45510204081632655	267.0	2	9.76798044699
1418362239785	205	102	0	1.0	0.29522561141224124	0.45510204081632655	267.0	2	9.62927492626
1418362239785	205	103	0	1.0	0.29522561141224124	0.45510204081632655	267.0	2	9.64923421517
1418362239785	205	104	0	1.0	0.29522561141224124	0.45510204081632655	267.0	2	9.66914489472
1418362239785	205	105	0	1.0	0.29522561141224124	0.45510204081632655	267.0	2	9.68900729117
1418362239785	205	107	0	1.0	0.29522561141224124	0.45510204081632655	267.0	2	7.73481998366
1418362239785	205	108	0	1.0	0.29522561141224124	0.45510204081632655	267.0	2	7.76057651848
1418362239785	205	109	0	1.0	0.29522561141224124	0.45510204081632655	267.0	2	7.68300791158
1418362239785	205	111	0	1.0	0.29522561141224124	0.45510204081632655	267.0	2	7.6307899605
1418362239785	205	112	0	1.0	0.29522561141224124	0.45510204081632655	267.0	2	7.6569502212
1418362239785	205	115	0	1.0	0.29522561141224124	0.45510204081632655	267.0	2	15.2856632251
1418362239785	205	116	0	1.0	0.29522561141224124	0.45510204081632655	267.0	2	7.78623479017
1418362239785	205	117	0	1.0	0.29522561141224124	0.45510204081632655	267.0	2	7.81179582934
1418362239785	205	118	0	1.0	0.29522561141224124	0.45510204081632655	267.0	2	16.0313557619
1418362239785	205	119	0	1.0	0.29522561141224124	0.45510204081632655	267.0	2	16.0205375092
1418362239785	205	120	0	1.0	0.29522561141224124	0.45510204081632655	267.0	2	7.39053930879
1418362239785	205	121	0	1.0	0.29522561141224124	0.45510204081632655	267.0	2	7.36328791434
1418362239785	205	122	0	1.0	0.29522561141224124	0.45510204081632655	267.0	2	7.33592035986
1418362239785	205	123	0	1.0	0.29522561141224124	0.45510204081632655	267.0	2	7.30843526455
1418362239785	205	124	0	1.0	0.29522561141224124	0.45510204081632655	267.0	2	7.49840999342
1418362239785	205	125	0	1.0	0.29522561141224124	0.45510204081632655	267.0	2	7.47160994842
1418362239785	205	126	0	1.0	0.29522561141224124	0.45510204081632655	267.0	2	7.44469900961
1418362239785	205	127	0	1.0	0.29522561141224124	0.45510204081632655	267.0	2	7.41767589764
1418362239785	205	128	0	1.0	0.29522561141224124	0.45510204081632655	267.0	2	7.55168240134
1418362239785	205	129	0	1.0	0.29522561141224124	0.45510204081632655	267.0	2	7.52510040024
1418362239785	205	130	0	1.0	0.29522561141224124	0.45510204081632655	267.0	2	13.7476167303
1418362239785	205	131	0	1.0	0.29522561141224124	0.45510204081632655	267.0	2	3.04685488843
1418362239785	205	132	0	1.0	0.29522561141224124	0.45510204081632655	267.0	2	3.11637675472
1418362239785	205	133	0	1.0	0.29522561141224124	0.45510204081632655	267.0	2	3.18440183976
1418362239785	205	134	0	1.0	0.29522561141224124	0.45510204081632655	267.0	2	3.25101607717
1418362239785	205	139	0	1.0	0.29522561141224124	0.45510204081632655	267.0	2	3.31629760063
1418362239785	205	140	0	1.0	0.29522561141224124	0.45510204081632655	267.0	2	3.38031769437
1418362239785	205	141	0	1.0	0.29522561141224124	0.45510204081632655	267.0	2	12.6080314073
1418362239785	205	142	0	1.0	0.29522561141224124	0.45510204081632655	267.0	2	12.5935363207
1418362239785	205	143	0	1.0	0.29522561141224124	0.45510204081632655	267.0	2	12.5790210727
1418362239785	205	144	0	1.0	0.29522561141224124	0.45510204081632655	267.0	2	12.5499297812
1418362239785	205	145	0	1.0	0.29522561141224124	0.45510204081632655	267.0	2	12.5061396726
1418362239785	205	146	0	1.0	0.29522561141224124	0.45510204081632655	267.0	2	12.6225064098
1418362239785	205	147	0	1.0	0.29522561141224124	0.45510204081632655	267.0	2	13.2950911208
1418362239785	205	148	0	1.0	0.29522561141224124	0.45510204081632655	267.0	2	17.5145059558
1418362239785	205	149	0	1.0	0.29522561141224124	0.45510204081632655	267.0	2	12.0576466142
1418362239785	205	150	0	1.0	0.29522561141224124	0.45510204081632655	267.0	2	12.1186025873
1418362239785	205	151	0	1.0	0.29522561141224124	0.45510204081632655	267.0	2	12.1640785729
1418362239785	205	152	0	1.0	0.29522561141224124	0.45510204081632655	267.0	2	12.1489426718
1418362239785	205	153	0	1.0	0.29522561141224124	0.45510204081632655	267.0	2	12.4032366901
1418362239785	205	154	0	1.0	0.29522561141224124	0.45510204081632655	267.0	2	12.3884520806
1418362239785	205	155	0	1.0	0.29522561141224124	0.45510204081632655	267.0	2	6.02440143526
1418362239785	205	156	0	1.0	0.29522561141224124	0.45510204081632655	267.0	2	6.05857019782
1418362239785	205	157	0	1.0	0.29522561141224124	0.45510204081632655	267.0	2	12.4621638401
1418362239785	205	158	0	1.0	0.29522561141224124	0.45510204081632655	267.0	2	12.4327423554
1418362239785	205	159	0	1.0	0.29522561141224124	0.45510204081632655	267.0	2	12.418000087
1418362239785	205	160	0	1.0	0.29522561141224124	0.45510204081632655	267.0	2	5.8146730734
1418362239785	205	161	0	1.0	0.29522561141224124	0.45510204081632655	267.0	2	5.85020984466
1418362239785	205	162	0	1.0	0.29522561141224124	0.45510204081632655	267.0	2	5.74286574231
1418362239785	205	163	0	1.0	0.29522561141224124	0.45510204081632655	267.0	2	5.77889325826
1418362239785	205	164	0	1.0	0.29522561141224124	0.45510204081632655	267.0	2	5.95540637335
1418362239785	205	165	0	1.0	0.29522561141224124	0.45510204081632655	267.0	2	5.99001479019
1418362239785	205	166	0	1.0	0.29522561141224124	0.45510204081632655	267.0	2	5.88550808723
1418362239785	205	167	0	1.0	0.29522561141224124	0.45510204081632655	267.0	2	5.92057218042
1418362239785	205	169	0	1.0	0.29522561141224124	0.45510204081632655	267.0	2	14.8778171079
1418362239785	205	170	0	1.0	0.29522561141224124	0.45510204081632655	267.0	2	20.2048495921
1418362239785	205	171	0	1.0	0.29522561141224124	0.45510204081632655	267.0	2	9.92370400176
1418362239785	205	172	0	1.0	0.29522561141224124	0.45510204081632655	267.0	2	9.90439680346
1418362239785	205	173	0	1.0	0.29522561141224124	0.45510204081632655	267.0	2	9.9621856343
1418362239785	205	174	0	1.0	0.29522561141224124	0.45510204081632655	267.0	2	9.94296685177
1418362239785	205	176	0	1.0	0.29522561141224124	0.45510204081632655	267.0	2	9.82671880747
1418362239785	205	177	0	1.0	0.29522561141224124	0.45510204081632655	267.0	2	9.88504497313
1418362239785	205	178	0	1.0	0.29522561141224124	0.45510204081632655	267.0	2	9.86564822404
1418362239785	205	179	0	1.0	0.29522561141224124	0.45510204081632655	267.0	2	10.0004921056
1418362239785	205	180	0	1.0	0.29522561141224124	0.45510204081632655	267.0	2	9.98136062723
1418362239785	205	181	0	1.0	0.29522561141224124	0.45510204081632655	267.0	2	14.1197727917
1418362239785	205	182	0	1.0	0.29522561141224124	0.45510204081632655	267.0	2	14.1071381585
1418362239785	205	183	0	1.0	0.29522561141224124	0.45510204081632655	267.0	2	19.1551639725
1418362239785	205	184	0	1.0	0.29522561141224124	0.45510204081632655	267.0	2	15.1125180942
1418362239785	205	185	0	1.0	0.29522561141224124	0.45510204081632655	267.0	2	14.031039531
1418362239785	205	186	0	1.0	0.29522561141224124	0.45510204081632655	267.0	2	14.0564614162
1418362239785	205	187	0	1.0	0.29522561141224124	0.45510204081632655	267.0	2	14.0944897461
1418362239785	205	188	0	1.0	0.29522561141224124	0.45510204081632655	267.0	2	13.3222272769
1418362239785	205	189	0	1.0	0.29522561141224124	0.45510204081632655	267.0	2	15.3542539946
1418362239785	205	190	0	1.0	0.29522561141224124	0.45510204081632655	267.0	2	15.4111280398
1418362239785	205	191	0	1.0	0.29522561141224124	0.45510204081632655	267.0	2	13.2132772006
1418362239785	205	192	0	1.0	0.29522561141224124	0.45510204081632655	267.0	2	13.2269554289
1418362239785	205	193	0	1.0	0.29522561141224124	0.45510204081632655	267.0	2	15.4224720762
1418362239785	205	194	0	1.0	0.29522561141224124	0.45510204081632655	267.0	2	13.2678876993
1418362239785	205	195	0	1.0	0.29522561141224124	0.45510204081632655	267.0	2	20.9749927014
1418362239785	205	196	0	1.0	0.29522561141224124	0.45510204081632655	267.0	2	8.53789208031
1418362239785	205	197	0	1.0	0.29522561141224124	0.45510204081632655	267.0	2	8.51484329145
1418362239785	205	198	0	1.0	0.29522561141224124	0.45510204081632655	267.0	2	8.49172154426
1418362239785	205	199	0	1.0	0.29522561141224124	0.45510204081632655	267.0	2	8.46852619598
1418362239785	205	200	0	1.0	0.29522561141224124	0.45510204081632655	267.0	2	8.44525659448
1418362239785	205	201	0	1.0	0.29522561141224124	0.45510204081632655	267.0	2	8.42191207815
1418362239785	205	202	0	1.0	0.29522561141224124	0.45510204081632655	267.0	2	8.39849197564
1418362239785	205	203	0	1.0	0.29522561141224124	0.45510204081632655	267.0	2	8.37499560568
1418362239785	205	204	0	1.0	0.29522561141224124	0.45510204081632655	267.0	2	8.35142227689
1418362239785	205	205	0	1.0	0.29522561141224124	0.45510204081632655	267.0	2	8.32777128756
1418362239785	205	206	0	1.0	0.29522561141224124	0.45510204081632655	267.0	2	18.8924219921
1418362239785	205	207	0	1.0	0.29522561141224124	0.45510204081632655	267.0	2	8.60660698858
1418362239785	205	208	0	1.0	0.29522561141224124	0.45510204081632655	267.0	2	8.62937019163
1418362239785	205	209	0	1.0	0.29522561141224124	0.45510204081632655	267.0	2	8.56086854448
1418362239785	205	211	0	1.0	0.29522561141224124	0.45510204081632655	267.0	2	8.69724288588
1418362239785	205	212	0	1.0	0.29522561141224124	0.45510204081632655	267.0	2	8.71973008704
1418362239785	205	213	0	1.0	0.29522561141224124	0.45510204081632655	267.0	2	8.65206351655
1418362239785	205	214	0	1.0	0.29522561141224124	0.45510204081632655	267.0	2	8.67468755384
1418362239785	205	215	0	1.0	0.29522561141224124	0.45510204081632655	267.0	2	8.74214972389
1418362239785	205	216	0	1.0	0.29522561141224124	0.45510204081632655	267.0	2	8.76450235532
1418362239785	205	228	0	1.0	0.29522561141224124	0.45510204081632655	267.0	2	11.2951210653
1418362239785	205	229	0	1.0	0.29522561141224124	0.45510204081632655	267.0	2	11.3116382008
1418362239785	205	230	0	1.0	0.29522561141224124	0.45510204081632655	267.0	2	11.2619997923
1418362239785	205	231	0	1.0	0.29522561141224124	0.45510204081632655	267.0	2	11.2785749761
1418362239785	205	232	0	1.0	0.29522561141224124	0.45510204081632655	267.0	2	11.3610172777
1418362239785	205	233	0	1.0	0.29522561141224124	0.45510204081632655	267.0	2	11.3281265224
1418362239785	205	234	0	1.0	0.29522561141224124	0.45510204081632655	267.0	2	11.3445861688
1418362239785	205	235	0	1.0	0.29522561141224124	0.45510204081632655	267.0	2	11.3937944275
1418362239785	205	236	0	1.0	0.29522561141224124	0.45510204081632655	267.0	2	11.4101407384
1418362239785	205	237	0	1.0	0.29522561141224124	0.45510204081632655	267.0	2	9.02770106126
1418362239785	205	238	0	1.0	0.29522561141224124	0.45510204081632655	267.0	2	9.00611151103
1418362239785	205	239	0	1.0	0.29522561141224124	0.45510204081632655	267.0	2	9.0706994935
1418362239785	205	240	0	1.0	0.29522561141224124	0.45510204081632655	267.0	2	9.04923023373
1418362239785	205	241	0	1.0	0.29522561141224124	0.45510204081632655	267.0	2	9.11346010594
1418362239785	205	242	0	1.0	0.29522561141224124	0.45510204081632655	267.0	2	9.09210929975
1418362239785	205	243	0	1.0	0.29522561141224124	0.45510204081632655	267.0	2	9.15598650391
1418362239785	205	244	0	1.0	0.29522561141224124	0.45510204081632655	267.0	2	9.1347523599
1418362239785	205	245	0	1.0	0.29522561141224124	0.45510204081632655	267.0	2	9.19828220399
1418362239785	205	246	0	1.0	0.29522561141224124	0.45510204081632655	267.0	2	9.17716297478
1418362239785	205	247	0	1.0	0.29522561141224124	0.45510204081632655	267.0	2	5.63324815941
1418362239785	205	248	0	1.0	0.29522561141224124	0.45510204081632655	267.0	2	5.59618020832
1418362239785	205	249	0	1.0	0.29522561141224124	0.45510204081632655	267.0	2	5.55883891274
1418362239785	205	250	0	1.0	0.29522561141224124	0.45510204081632655	267.0	2	5.52121862006
1418362239785	205	251	0	1.0	0.29522561141224124	0.45510204081632655	267.0	2	5.48331348357
1418362239785	205	252	0	1.0	0.29522561141224124	0.45510204081632655	267.0	2	5.44511745301
1418362239785	205	253	0	1.0	0.29522561141224124	0.45510204081632655	267.0	2	5.40662426465
1418362239785	205	254	0	1.0	0.29522561141224124	0.45510204081632655	267.0	2	5.36782743067
1418362239785	205	255	0	1.0	0.29522561141224124	0.45510204081632655	267.0	2	5.70658572056
1418362239785	205	256	0	1.0	0.29522561141224124	0.45510204081632655	267.0	2	5.67004823336
1418362239785	205	258	0	1.0	0.29522561141224124	0.45510204081632655	267.0	2	20.2778389009
1418362239785	205	259	0	1.0	0.29522561141224124	0.45510204081632655	267.0	2	15.8462121603
1418362239785	205	260	0	1.0	0.29522561141224124	0.45510204081632655	267.0	2	15.835238664
1418362239785	205	261	0	1.0	0.29522561141224124	0.45510204081632655	267.0	2	15.8242558429
1418362239785	205	262	0	1.0	0.29522561141224124	0.45510204081632655	267.0	2	15.8132636748
1418362239785	205	263	0	1.0	0.29522561141224124	0.45510204081632655	267.0	2	15.8022621378
1418362239785	205	264	0	1.0	0.29522561141224124	0.45510204081632655	267.0	2	16.1390497382
1418362239785	205	266	0	1.0	0.29522561141224124	0.45510204081632655	267.0	2	16.1925676274
1418362239785	205	267	0	1.0	0.29522561141224124	0.45510204081632655	267.0	2	14.4066591699
1418362239785	205	268	0	1.0	0.29522561141224124	0.45510204081632655	267.0	2	14.4189750908
1418362239785	205	269	0	1.0	0.29522561141224124	0.45510204081632655	267.0	2	14.3943304115
1418362239785	205	270	0	1.0	0.29522561141224124	0.45510204081632655	267.0	2	14.4681111339
1418362239785	205	272	0	1.0	0.29522561141224124	0.45510204081632655	267.0	2	5.28929568539
1418362239785	205	273	0	1.0	0.29522561141224124	0.45510204081632655	267.0	2	19.0680809678
1418362239785	205	274	0	1.0	0.29522561141224124	0.45510204081632655	267.0	2	17.8973136388
1418362239785	205	275	0	1.0	0.29522561141224124	0.45510204081632655	267.0	2	7.02679540375
1418362239785	205	276	0	1.0	0.29522561141224124	0.45510204081632655	267.0	2	7.05553820512
1418362239785	205	277	0	1.0	0.29522561141224124	0.45510204081632655	267.0	2	7.08414803474
1418362239785	205	278	0	1.0	0.29522561141224124	0.45510204081632655	267.0	2	7.1126265814
1418362239785	205	279	0	1.0	0.29522561141224124	0.45510204081632655	267.0	2	7.14097549902
1418362239785	205	280	0	1.0	0.29522561141224124	0.45510204081632655	267.0	2	7.16919640765
1418362239785	205	281	0	1.0	0.29522561141224124	0.45510204081632655	267.0	2	7.19729089444
1418362239785	205	282	0	1.0	0.29522561141224124	0.45510204081632655	267.0	2	7.22526051452
1418362239785	205	284	0	1.0	0.29522561141224124	0.45510204081632655	267.0	2	7.28083122049
1418362239785	205	285	0	1.0	0.29522561141224124	0.45510204081632655	267.0	2	16.8897651436
1418362239785	205	286	0	1.0	0.29522561141224124	0.45510204081632655	267.0	2	10.1894721314
1418362239785	205	287	0	1.0	0.29522561141224124	0.45510204081632655	267.0	2	12.7089389301
1418362239785	205	288	0	1.0	0.29522561141224124	0.45510204081632655	267.0	2	12.7232754692
1418362239785	205	289	0	1.0	0.29522561141224124	0.45510204081632655	267.0	2	12.7375925257
1418362239785	205	290	0	1.0	0.29522561141224124	0.45510204081632655	267.0	2	12.7518901728
1418362239785	205	291	0	1.0	0.29522561141224124	0.45510204081632655	267.0	2	12.6513964698
1418362239785	205	292	0	1.0	0.29522561141224124	0.45510204081632655	267.0	2	12.6658116794
1418362239785	205	293	0	1.0	0.29522561141224124	0.45510204081632655	267.0	2	12.6802071094
1418362239785	205	294	0	1.0	0.29522561141224124	0.45510204081632655	267.0	2	12.6945828348
1418362239785	205	295	0	1.0	0.29522561141224124	0.45510204081632655	267.0	2	13.8514951788
1418362239785	205	296	0	1.0	0.29522561141224124	0.45510204081632655	267.0	2	11.2287615717
1418362239785	205	297	0	1.0	0.29522561141224124	0.45510204081632655	267.0	2	11.1283336295
1418362239785	205	298	0	1.0	0.29522561141224124	0.45510204081632655	267.0	2	11.2120982473
1418362239785	205	299	0	1.0	0.29522561141224124	0.45510204081632655	267.0	2	11.1954052533
1418362239785	205	300	0	1.0	0.29522561141224124	0.45510204081632655	267.0	2	11.1619296685
1418362239785	205	302	0	1.0	0.29522561141224124	0.45510204081632655	267.0	2	12.0270291733
1418362239785	205	303	0	1.0	0.29522561141224124	0.45510204081632655	267.0	2	12.0423495967
1418362239785	205	304	0	1.0	0.29522561141224124	0.45510204081632655	267.0	2	11.9963177099
1418362239785	205	305	0	1.0	0.29522561141224124	0.45510204081632655	267.0	2	12.0116852443
1418362239785	205	306	0	1.0	0.29522561141224124	0.45510204081632655	267.0	2	11.9655114206
1418362239785	205	307	0	1.0	0.29522561141224124	0.45510204081632655	267.0	2	11.9809264691
1418362239785	205	308	0	1.0	0.29522561141224124	0.45510204081632655	267.0	2	11.9346094905
1418362239785	205	309	0	1.0	0.29522561141224124	0.45510204081632655	267.0	2	11.9036110933
1418362239785	205	310	0	1.0	0.29522561141224124	0.45510204081632655	267.0	2	11.9191224024
1418362239785	205	311	0	1.0	0.29522561141224124	0.45510204081632655	267.0	2	12.2093508388
1418362239785	205	312	0	1.0	0.29522561141224124	0.45510204081632655	267.0	2	12.2394204113
1418362239785	205	314	0	1.0	0.29522561141224124	0.45510204081632655	267.0	2	12.299294185
1418362239785	205	315	0	1.0	0.29522561141224124	0.45510204081632655	267.0	2	12.3142078653
1418362239785	205	316	0	1.0	0.29522561141224124	0.45510204081632655	267.0	2	12.3439701283
1418362239785	205	317	0	1.0	0.29522561141224124	0.45510204081632655	267.0	2	17.1011366087
1418362239785	205	318	0	1.0	0.29522561141224124	0.45510204081632655	267.0	2	14.8540976474
1418362239785	205	319	0	1.0	0.29522561141224124	0.45510204081632655	267.0	2	14.8184315377
1418362239785	205	320	0	1.0	0.29522561141224124	0.45510204081632655	267.0	2	4.96154594991
1418362239785	205	321	0	1.0	0.29522561141224124	0.45510204081632655	267.0	2	5.00379452098
1418362239785	205	322	0	1.0	0.29522561141224124	0.45510204081632655	267.0	2	10.1707612726
1418362239785	205	323	0	1.0	0.29522561141224124	0.45510204081632655	267.0	2	5.08714989101
1418362239785	205	324	0	1.0	0.29522561141224124	0.45510204081632655	267.0	2	5.12827530171
1418362239785	205	325	0	1.0	0.29522561141224124	0.45510204081632655	267.0	2	5.16904432636
1418362239785	205	326	0	1.0	0.29522561141224124	0.45510204081632655	267.0	2	5.20946538397
1418362239785	205	327	0	1.0	0.29522561141224124	0.45510204081632655	267.0	2	5.24954657244
1418362239785	205	328	0	1.0	0.29522561141224124	0.45510204081632655	267.0	2	10.0576281618
1418362239785	205	329	0	1.0	0.29522561141224124	0.45510204081632655	267.0	2	5.32872022781
1418362239785	205	330	0	1.0	0.29522561141224124	0.45510204081632655	267.0	2	10.0195803417
1418362239785	205	331	0	1.0	0.29522561141224124	0.45510204081632655	267.0	2	10.1332165677
1418362239785	205	332	0	1.0	0.29522561141224124	0.45510204081632655	267.0	2	10.1520095009
1418362239785	205	333	0	1.0	0.29522561141224124	0.45510204081632655	267.0	2	10.0955062104
1418362239785	205	334	0	1.0	0.29522561141224124	0.45510204081632655	267.0	2	10.1143822221
1418362239785	205	335	0	1.0	0.29522561141224124	0.45510204081632655	267.0	2	20.5267858269
1418362239785	205	336	0	1.0	0.29522561141224124	0.45510204081632655	267.0	2	8.06227310027
1418362239785	205	337	0	1.0	0.29522561141224124	0.45510204081632655	267.0	2	16.5612726493
1418362239785	205	338	0	1.0	0.29522561141224124	0.45510204081632655	267.0	2	13.9800270277
1418362239785	205	339	0	1.0	0.29522561141224124	0.45510204081632655	267.0	2	13.9287872341
1418362239785	205	340	0	1.0	0.29522561141224124	0.45510204081632655	267.0	2	13.9416186445
1418362239785	205	341	0	1.0	0.29522561141224124	0.45510204081632655	267.0	2	13.9159414418
1418362239785	205	342	0	1.0	0.29522561141224124	0.45510204081632655	267.0	2	15.4451295806
1418362239785	205	343	0	1.0	0.29522561141224124	0.45510204081632655	267.0	2	13.4702939942
1418362239785	205	344	0	1.0	0.29522561141224124	0.45510204081632655	267.0	2	15.512859357
1418362239785	205	345	0	1.0	0.29522561141224124	0.45510204081632655	267.0	2	13.4032367105
1418362239785	205	346	0	1.0	0.29522561141224124	0.45510204081632655	267.0	2	13.4301083377
1418362239785	205	347	0	1.0	0.29522561141224124	0.45510204081632655	267.0	2	13.3628063896
1418362239785	205	348	0	1.0	0.29522561141224124	0.45510204081632655	267.0	2	13.3762996211
1418362239785	205	349	0	1.0	0.29522561141224124	0.45510204081632655	267.0	2	8.28023346747
1418362239785	205	350	0	1.0	0.29522561141224124	0.45510204081632655	267.0	2	8.30404192542
1418362239785	205	351	0	1.0	0.29522561141224124	0.45510204081632655	267.0	2	8.18419382703
1418362239785	205	352	0	1.0	0.29522561141224124	0.45510204081632655	267.0	2	8.20832612202
1418362239785	205	353	0	1.0	0.29522561141224124	0.45510204081632655	267.0	2	8.23237631675
1418362239785	205	354	0	1.0	0.29522561141224124	0.45510204081632655	267.0	2	8.25634517966
1418362239785	205	355	0	1.0	0.29522561141224124	0.45510204081632655	267.0	2	8.08682785131
1418362239785	205	356	0	1.0	0.29522561141224124	0.45510204081632655	267.0	2	8.11129647504
1418362239785	205	357	0	1.0	0.29522561141224124	0.45510204081632655	267.0	2	8.13567980243
1418362239785	205	358	0	1.0	0.29522561141224124	0.45510204081632655	267.0	2	8.15997865138
1418362239785	205	359	0	1.0	0.29522561141224124	0.45510204081632655	267.0	2	18.7593399244
1418362239785	205	361	0	1.0	0.29522561141224124	0.45510204081632655	267.0	2	18.2702775053
1418362239785	205	362	0	1.0	0.29522561141224124	0.45510204081632655	267.0	2	17.9161897327
1418362239785	205	364	0	1.0	0.29522561141224124	0.45510204081632655	267.0	2	11.8569307851
1418362239785	205	365	0	1.0	0.29522561141224124	0.45510204081632655	267.0	2	11.8413215332
1418362239785	205	366	0	1.0	0.29522561141224124	0.45510204081632655	267.0	2	11.8256875271
1418362239785	205	367	0	1.0	0.29522561141224124	0.45510204081632655	267.0	2	11.8100286579
1418362239785	205	368	0	1.0	0.29522561141224124	0.45510204081632655	267.0	2	11.7943448157
1418362239785	205	369	0	1.0	0.29522561141224124	0.45510204081632655	267.0	2	17.2600487563
1418362239785	205	370	0	1.0	0.29522561141224124	0.45510204081632655	267.0	2	11.8880754581
1418362239785	205	371	0	1.0	0.29522561141224124	0.45510204081632655	267.0	2	11.8725153909
1418362239785	205	372	0	1.0	0.29522561141224124	0.45510204081632655	267.0	2	9.34454920215
1418362239785	205	373	0	1.0	0.29522561141224124	0.45510204081632655	267.0	2	9.36522541754
1418362239785	205	374	0	1.0	0.29522561141224124	0.45510204081632655	267.0	2	9.30303446311
1418362239785	205	375	0	1.0	0.29522561141224124	0.45510204081632655	267.0	2	9.32381901458
1418362239785	205	376	0	1.0	0.29522561141224124	0.45510204081632655	267.0	2	9.26130067796
1418362239785	205	377	0	1.0	0.29522561141224124	0.45510204081632655	267.0	2	9.28219515129
1418362239785	205	378	0	1.0	0.29522561141224124	0.45510204081632655	267.0	2	9.21934461775
1418362239785	205	379	0	1.0	0.29522561141224124	0.45510204081632655	267.0	2	9.24035063709
1418362239785	205	380	0	1.0	0.29522561141224124	0.45510204081632655	267.0	2	9.38584804789
1418362239785	205	381	0	1.0	0.29522561141224124	0.45510204081632655	267.0	2	9.4064174758
1418362239785	205	383	0	1.0	0.29522561141224124	0.45510204081632655	267.0	2	10.732913334
1418362239785	205	384	0	1.0	0.29522561141224124	0.45510204081632655	267.0	2	10.7153253394
1418362239785	205	386	0	1.0	0.29522561141224124	0.45510204081632655	267.0	2	10.5733647987
1418362239785	205	387	0	1.0	0.29522561141224124	0.45510204081632655	267.0	2	10.6268646667
1418362239785	205	388	0	1.0	0.29522561141224124	0.45510204081632655	267.0	2	10.6090670557
1418362239785	205	389	0	1.0	0.29522561141224124	0.45510204081632655	267.0	2	10.6623538343
1418362239785	205	390	0	1.0	0.29522561141224124	0.45510204081632655	267.0	2	10.6446268614
1418362239785	205	391	0	1.0	0.29522561141224124	0.45510204081632655	267.0	2	10.6977028832
1418362239785	205	392	0	1.0	0.29522561141224124	0.45510204081632655	267.0	2	10.6800457779
1418362239785	205	393	0	1.0	0.29522561141224124	0.45510204081632655	267.0	2	15.922767363
1418362239785	205	394	0	1.0	0.29522561141224124	0.45510204081632655	267.0	2	10.263911324
1418362239785	205	395	0	1.0	0.29522561141224124	0.45510204081632655	267.0	2	10.2453616796
1418362239785	205	396	0	1.0	0.29522561141224124	0.45510204081632655	267.0	2	10.2267720925
1418362239785	205	397	0	1.0	0.29522561141224124	0.45510204081632655	267.0	2	10.2081423235
1418362239785	205	398	0	1.0	0.29522561141224124	0.45510204081632655	267.0	2	10.3377151718
1418362239785	205	399	0	1.0	0.29522561141224124	0.45510204081632655	267.0	2	10.3193229551
1418362239785	205	400	0	1.0	0.29522561141224124	0.45510204081632655	267.0	2	10.3008917285
1418362239785	205	401	0	1.0	0.29522561141224124	0.45510204081632655	267.0	2	10.2824212622
1418362239785	205	402	0	1.0	0.29522561141224124	0.45510204081632655	267.0	2	10.374383484
1418362239785	205	403	0	1.0	0.29522561141224124	0.45510204081632655	267.0	2	10.3560686063
1418362239785	205	407	0	1.0	0.29522561141224124	0.45510204081632655	267.0	2	4.69941016405
1418362239785	205	409	0	1.0	0.29522561141224124	0.45510204081632655	267.0	2	4.78850963791
1418362239785	205	410	0	1.0	0.29522561141224124	0.45510204081632655	267.0	2	4.56225356525
1418362239785	205	411	0	1.0	0.29522561141224124	0.45510204081632655	267.0	2	4.51554338328
1418362239785	205	412	0	1.0	0.29522561141224124	0.45510204081632655	267.0	2	4.65417245275
1418362239785	205	413	0	1.0	0.29522561141224124	0.45510204081632655	267.0	2	4.60845830375
1418362239785	205	414	0	1.0	0.29522561141224124	0.45510204081632655	267.0	2	14.3076665106
1418362239785	205	415	0	1.0	0.29522561141224124	0.45510204081632655	267.0	2	14.2827877127
1418362239785	205	416	0	1.0	0.29522561141224124	0.45510204081632655	267.0	2	21.6891760574
1418362239785	205	417	0	1.0	0.29522561141224124	0.45510204081632655	267.0	2	6.88102513929
1418362239785	205	418	0	1.0	0.29522561141224124	0.45510204081632655	267.0	2	6.85144695553
1418362239785	205	419	0	1.0	0.29522561141224124	0.45510204081632655	267.0	2	6.93975173634
1418362239785	205	420	0	1.0	0.29522561141224124	0.45510204081632655	267.0	2	6.91045942588
1418362239785	205	421	0	1.0	0.29522561141224124	0.45510204081632655	267.0	2	6.76182915811
1418362239785	205	422	0	1.0	0.29522561141224124	0.45510204081632655	267.0	2	6.73165529533
1418362239785	205	423	0	1.0	0.29522561141224124	0.45510204081632655	267.0	2	6.82172291058
1418362239785	205	424	0	1.0	0.29522561141224124	0.45510204081632655	267.0	2	10.0765882765
1418362239785	205	425	0	1.0	0.29522561141224124	0.45510204081632655	267.0	2	6.99791790593
1418362239785	205	426	0	1.0	0.29522561141224124	0.45510204081632655	267.0	2	6.96890395004
1418362239785	205	427	0	1.0	0.29522561141224124	0.45510204081632655	267.0	2	12.9219740053
1418362239785	205	428	0	1.0	0.29522561141224124	0.45510204081632655	267.0	2	12.9079037297
1418362239785	205	429	0	1.0	0.29522561141224124	0.45510204081632655	267.0	2	18.3712077557
1418362239785	205	430	0	1.0	0.29522561141224124	0.45510204081632655	267.0	2	12.8088881125
1418362239785	205	431	0	1.0	0.29522561141224124	0.45510204081632655	267.0	2	12.8372724934
1418362239785	205	432	0	1.0	0.29522561141224124	0.45510204081632655	267.0	2	12.823089793
1418362239785	205	433	0	1.0	0.29522561141224124	0.45510204081632655	267.0	2	12.8514362837
1418362239785	205	434	0	1.0	0.29522561141224124	0.45510204081632655	267.0	2	11.0607753397
1418362239785	205	435	0	1.0	0.29522561141224124	0.45510204081632655	267.0	2	11.0777110729
1418362239785	205	436	0	1.0	0.29522561141224124	0.45510204081632655	267.0	2	10.9413473258
1418362239785	205	437	0	1.0	0.29522561141224124	0.45510204081632655	267.0	2	10.9756279892
1418362239785	205	438	0	1.0	0.29522561141224124	0.45510204081632655	267.0	2	10.9927204836
1418362239785	205	439	0	1.0	0.29522561141224124	0.45510204081632655	267.0	2	11.0097813046
1418362239785	205	440	0	1.0	0.29522561141224124	0.45510204081632655	267.0	2	11.0268106141
1418362239785	205	441	0	1.0	0.29522561141224124	0.45510204081632655	267.0	2	11.0438085728
1418362239785	205	442	0	1.0	0.29522561141224124	0.45510204081632655	267.0	2	8.58377330861
1418362239785	205	443	0	1.0	0.29522561141224124	0.45510204081632655	267.0	2	17.640042541
1418362239785	205	444	0	1.0	0.29522561141224124	0.45510204081632655	267.0	2	14.7228059465
1418362239785	205	445	0	1.0	0.29522561141224124	0.45510204081632655	267.0	2	16.7879594942
1418362239785	205	446	0	1.0	0.29522561141224124	0.45510204081632655	267.0	2	14.7107993992
1418362239785	205	447	0	1.0	0.29522561141224124	0.45510204081632655	267.0	2	9.60926669813
1418362239785	205	448	0	1.0	0.29522561141224124	0.45510204081632655	267.0	2	9.5892091972
1418362239785	205	449	0	1.0	0.29522561141224124	0.45510204081632655	267.0	2	9.56910208618
1418362239785	205	450	0	1.0	0.29522561141224124	0.45510204081632655	267.0	2	9.54894502396
1418362239785	205	451	0	1.0	0.29522561141224124	0.45510204081632655	267.0	2	9.52873766558
1418362239785	205	452	0	1.0	0.29522561141224124	0.45510204081632655	267.0	2	9.50847966214
1418362239785	205	453	0	1.0	0.29522561141224124	0.45510204081632655	267.0	2	9.48817066079
1418362239785	205	454	0	1.0	0.29522561141224124	0.45510204081632655	267.0	2	9.4678103046
1418362239785	205	455	0	1.0	0.29522561141224124	0.45510204081632655	267.0	2	9.44739823255
1418362239785	205	456	0	1.0	0.29522561141224124	0.45510204081632655	267.0	2	9.42693407944
1418362239785	205	457	0	1.0	0.29522561141224124	0.45510204081632655	267.0	2	16.467430045
1418362239785	205	458	0	1.0	0.29522561141224124	0.45510204081632655	267.0	2	12.3588188851
1418362239785	205	459	0	1.0	0.29522561141224124	0.45510204081632655	267.0	2	16.4569624999
1418362239785	205	460	0	1.0	0.29522561141224124	0.45510204081632655	267.0	2	7.86263024502
1418362239785	205	462	0	1.0	0.29522561141224124	0.45510204081632655	267.0	2	7.91308766592
1418362239785	205	464	0	1.0	0.29522561141224124	0.45510204081632655	267.0	2	7.96317573011
1418362239785	205	465	0	1.0	0.29522561141224124	0.45510204081632655	267.0	2	7.93817740014
1418362239785	205	466	0	1.0	0.29522561141224124	0.45510204081632655	267.0	2	8.01290182535
1418362239785	205	467	0	1.0	0.29522561141224124	0.45510204081632655	267.0	2	7.98808357159
1418362239785	205	468	0	1.0	0.29522561141224124	0.45510204081632655	267.0	2	20.7877374188
1418362239785	205	469	0	1.0	0.29522561141224124	0.45510204081632655	267.0	2	8.03763137761
1418362239785	205	470	0	1.0	0.29522561141224124	0.45510204081632655	267.0	2	6.79185099612
1418362239785	205	471	0	1.0	0.29522561141224124	0.45510204081632655	267.0	2	12.4915018053
1418362239785	205	472	0	1.0	0.29522561141224124	0.45510204081632655	267.0	2	12.4768432216
1418362239785	205	473	0	1.0	0.29522561141224124	0.45510204081632655	267.0	2	4.42054346125
1418362239785	205	474	0	1.0	0.29522561141224124	0.45510204081632655	267.0	2	4.46831215228
1418362239785	205	475	0	1.0	0.29522561141224124	0.45510204081632655	267.0	2	4.32332366818
1418362239785	205	476	0	1.0	0.29522561141224124	0.45510204081632655	267.0	2	4.37222003472
1418362239785	205	477	0	1.0	0.29522561141224124	0.45510204081632655	267.0	2	4.22373421905
1418362239785	205	478	0	1.0	0.29522561141224124	0.45510204081632655	267.0	2	4.27383515712
1418362239785	205	479	0	1.0	0.29522561141224124	0.45510204081632655	267.0	2	4.12160801708
1418362239785	205	480	0	1.0	0.29522561141224124	0.45510204081632655	267.0	2	4.17299940751
1418362239785	205	481	0	1.0	0.29522561141224124	0.45510204081632655	267.0	2	4.01675774103
1418362239785	205	482	0	1.0	0.29522561141224124	0.45510204081632655	267.0	2	4.06953597831
1418362239785	205	483	0	1.0	0.29522561141224124	0.45510204081632655	267.0	2	21.9989991404
1418362239785	205	485	0	1.0	0.29522561141224124	0.45510204081632655	267.0	2	13.7214977747
1418362239785	205	486	0	1.0	0.29522561141224124	0.45510204081632655	267.0	2	13.6690779674
1418362239785	205	487	0	1.0	0.29522561141224124	0.45510204081632655	267.0	2	13.6296024089
1418362239785	205	488	0	1.0	0.29522561141224124	0.45510204081632655	267.0	2	13.5236498033
1418362239785	205	489	0	1.0	0.29522561141224124	0.45510204081632655	267.0	2	13.4836569538
1418362239785	205	490	0	1.0	0.29522561141224124	0.45510204081632655	267.0	2	13.4970038731
1418362239785	205	491	0	1.0	0.29522561141224124	0.45510204081632655	267.0	2	13.5502322068
1418362239785	205	408	0	0.99643	0.29417165597949957	0.0	490	2	4.83239658282
